0.3622	1.2753	0.0491	-1.0869	-2.5254	-2.0194
0.6545	-1.6623	-0.7664	-1.1090	0.9843	1.4633
0.8895	-4.7233	-1.7228	-1.6669	6.5795	-2.2492
0.9298	-4.0976	-1.0838	-1.2369	5.0349	-1.7046
0.3465	-5.0499	3.8810	-1.7215	0.4222	-1.6714
0.6935	-1.9847	-1.8049	-2.1877	-0.1948	4.2090
-0.9702	-1.9854	4.2071	-1.0269	-0.2525	-2.4820
-0.9990	-2.7970	0.9188	-2.1504	0.5797	1.4448
0.1842	-2.6215	-0.5347	-1.1339	1.0126	0.8002
-0.5716	-0.1831	-1.9215	2.4235	-0.1351	-1.7334
2.2553	-0.1813	1.6589	-0.8270	-2.0521	-0.9531
-1.8281	-2.1077	0.2289	-2.5115	-0.5477	3.0811
1.0363	0.1897	-0.5243	-0.5001	-1.3763	0.0027
0.5048	-3.4726	-1.2662	-1.4883	1.0156	2.4151
4.3742	0.9090	-4.6009	-0.1845	-3.8034	0.9764
-0.3481	0.8590	3.9392	-0.9799	-2.5176	-1.6670
-0.5114	3.0887	-2.3204	0.1649	-1.4971	-1.4922
-1.2789	-3.1393	1.4371	-1.4024	1.7854	0.0099
-0.7892	-1.5379	-1.0733	-1.7891	1.6177	2.8875
2.5291	0.3636	2.2687	-1.8613	-2.6940	-1.7943
0.4703	-0.5796	-1.4439	-1.7339	0.6711	2.3393
-2.2323	-3.8914	3.9627	-2.0270	-0.1035	-0.6967
1.2572	-0.3950	-0.6040	-1.4610	-0.6646	1.2245
-1.8327	-1.4861	0.0910	3.3795	-0.2036	-2.0569
-1.4104	1.6858	-1.1678	3.4756	-3.4499	-2.8165
-3.1927	-3.0103	0.1974	-2.0196	5.1396	-0.3378
-1.4049	-0.7659	1.3990	-2.9268	-0.1271	1.7573
-0.3612	4.6908	-1.3122	-0.1746	-2.5938	-2.0544
-1.1128	-1.6606	4.0829	-1.7261	-1.8756	-1.1318
-0.7343	-2.7938	-0.0542	-2.8630	1.2480	3.4503
-0.8895	-2.3241	6.3725	-1.3635	-2.6666	-0.7975
0.3051	-2.4973	-2.6956	-0.9035	1.8598	2.8684
-0.1030	-1.1859	4.1530	-1.4361	-1.9207	-1.9112
-1.1632	-1.6362	3.5295	-1.1521	0.0110	-1.9643
-0.9686	-2.3416	-1.3117	-1.2576	3.7524	0.3764
-0.9090	-1.6685	3.6447	-1.7038	-1.6985	-0.8260
-3.2930	-4.4754	6.8683	-2.3060	-0.2559	-0.8852
-1.7004	-3.5283	-1.3213	6.9850	-2.2294	-3.5077
-2.1813	-3.6533	7.0767	-2.9042	-0.3469	-1.8769
-0.8797	-0.8850	6.3329	-1.8389	-3.0851	-2.3679
-1.9079	0.2483	0.6425	-1.4423	-2.7041	1.8720
-0.8448	-2.2134	-1.1536	-1.3843	-0.2839	3.1848
-0.6746	-2.7943	3.0405	-2.2053	1.6693	-0.3159
0.1135	-1.3870	-0.0047	2.4015	-1.1507	0.9773
2.5907	-1.5280	-2.1251	-1.9910	-0.8527	1.4112
-0.6333	-0.5368	-2.2036	-1.7560	1.3855	2.1091
1.3511	-0.7256	-2.6400	-2.8536	-0.8501	5.2179
-1.0840	-1.5535	-1.9322	-1.9182	2.4675	0.0443
0.4598	-0.5323	2.4256	-2.0166	-1.9066	0.2197
-0.8999	-1.8818	0.3227	-1.1826	1.0886	0.4428
-0.6560	-1.8124	-1.1562	-1.2959	1.0647	2.8403
-0.1703	1.3314	0.9804	-0.0363	-1.2506	-1.9994
-3.7711	1.8081	4.9837	-3.0412	-1.9965	-1.8001
-0.6790	0.9175	-2.4229	-0.3569	-2.8248	2.1143
-1.1122	-2.6232	2.8685	-1.1444	0.4818	-0.4694
-0.2502	-3.5262	-1.0974	-1.0585	1.6994	4.8159
0.5248	-2.0271	-1.5133	-2.3424	-0.4012	4.1527
0.2624	2.7864	-0.9843	-0.9632	-2.1301	-1.1389
-3.5191	-0.3726	5.1444	-2.2215	-1.2414	-0.1201
-1.0375	3.0522	-1.7937	0.6911	-2.3789	-0.7091
-0.6586	2.6085	-2.1849	0.1822	-1.2060	-1.1893
1.6630	-4.0527	-0.7854	-0.0240	-0.4079	1.3411
-1.0449	-1.2327	-0.8731	-0.6863	1.1360	0.0399
-2.9640	-4.3856	-0.6988	-3.0147	5.5216	-0.0117
1.5481	-1.0907	0.2641	-1.7944	-0.5662	-0.9844
-0.5416	-0.0188	-1.7053	2.8059	-1.6154	-0.9338
0.3572	-1.0532	0.8774	-1.9215	0.0552	-1.6978
-1.4342	-3.3986	-0.8004	1.2888	-0.6348	1.1956
-0.9451	-3.1253	-0.5740	0.7032	-0.1188	1.4241
0.2286	-1.1518	-1.1460	-0.4891	0.2599	0.4933
-0.8518	-1.3196	-0.5022	1.7862	-0.0405	-0.0716
-0.7508	-3.5062	-0.0626	-2.3792	3.8929	0.6137
-1.6416	-1.3138	2.1833	-2.1230	-0.1819	-0.1750
0.1960	5.2096	-1.1923	-1.5910	-2.6934	-1.0869
0.9052	-1.1914	-4.3548	-1.1399	-2.9932	6.3739
-1.9795	-2.6409	4.0456	-0.9564	-0.3184	-1.0352
-1.0765	-2.0219	4.1447	-3.3139	1.8322	-2.2585
3.5466	0.1775	-3.0807	1.3791	-2.2575	-1.6766
-1.3419	-2.6956	2.8958	-0.8602	0.3915	-1.1855
-0.1550	-0.7849	-1.0775	-1.7908	-0.6701	4.0863
-2.4204	-4.3008	-0.1214	-2.5410	5.0957	-0.1128
-0.6098	-0.5986	0.8712	-2.2030	-0.4424	1.7968
-1.3389	-1.7702	-4.0533	3.2494	-1.1237	0.8868
0.1846	-4.3598	-1.2297	-0.9937	1.8029	2.5162
-0.5998	-2.1620	-1.4895	-1.9942	4.5735	-0.7345
0.8157	-4.0685	-2.0666	-1.8088	2.7940	1.3592
-0.5668	-2.6671	-1.3664	-2.4692	4.2243	-0.1426
0.4057	-1.4449	3.6226	-1.1076	-1.8059	-1.7349
0.6307	-2.1979	4.7348	-1.5717	-2.2537	-1.8916
-1.3068	-2.2367	-0.2130	-1.3402	0.4386	1.5971
-0.9041	-3.4765	-2.1317	-4.1147	-2.1008	8.0854
0.3318	-0.5519	-2.1426	-1.4622	-1.6998	5.7083
-2.2572	-2.7287	5.4182	-2.2222	-1.9586	-1.6938
-0.2666	-0.6959	0.9248	-0.7162	-0.1381	-1.8654
-0.7104	0.5384	0.5881	0.7257	-2.0058	-1.8907
-2.3411	-0.7247	4.6798	-2.1937	-1.0297	-1.3830
1.9273	0.7755	-1.7590	0.1839	-1.3127	-0.3854
-2.4645	-4.1885	8.2313	-3.6053	-0.5420	-3.4490
-2.5592	-3.4738	-1.4094	-2.5250	6.3521	0.0790
3.1776	-1.3006	-1.7233	-0.1961	-0.4907	-0.3792
-0.5457	1.2500	5.4079	-1.6089	-2.8049	-2.6082
2.5084	0.6377	0.7356	-1.0074	-1.6711	-1.3540
-1.3459	-2.6824	2.8918	-0.8374	0.4162	-1.1963
-1.1599	-3.6678	4.2499	-1.0076	-0.6495	-1.1112
0.6095	3.5637	-1.3780	-1.0999	-2.8606	-1.4686
-1.1560	-2.1209	5.7571	-0.9403	-2.4727	-1.2984
3.3641	1.4232	-4.5912	0.0412	-3.7839	0.8393
0.4831	-1.1558	-1.7577	0.1729	-0.6405	2.4028
-0.4385	-0.5262	-0.9624	3.2622	-0.0459	-1.5322
-1.8032	-3.4031	-1.9163	-2.6111	4.7228	0.3597
1.5181	-1.3489	-4.4724	-1.2328	-3.0271	6.4119
0.1819	1.4298	-0.5946	-0.4385	-1.2291	-0.8082
0.6218	-2.5184	-1.7827	0.8061	-1.9335	3.0397
0.8904	1.5038	-1.3980	-0.1326	-1.9778	-0.5967
-0.0803	5.9161	-2.6013	-1.0154	-2.7285	-3.4833
-0.9106	-0.8283	-0.3988	3.8964	-0.9156	-2.2859
-0.8862	-2.2220	-2.4691	3.7059	-0.4733	-1.8402
0.1658	-1.3528	2.8276	-1.5297	-0.9332	-1.6693
-0.7712	-0.5365	-0.1766	1.0372	0.6396	-2.3478
1.3700	1.0644	-1.3398	0.1970	-2.4438	-1.2615
-0.2568	2.3184	-1.6305	-1.0278	-1.3501	-1.3486
-3.1271	-3.5299	5.4141	-2.0900	0.2401	-0.9295
-0.1164	-3.7592	-2.1447	0.6689	-2.4235	4.6545
-1.6855	-1.8924	7.4515	-2.4668	-2.1250	-3.0697
-0.3536	-1.2287	1.4111	-2.5373	1.1759	-2.2807
1.1563	2.0192	0.3584	-1.2760	-2.6664	-1.4348
0.3651	-1.0860	-3.5916	0.6464	-0.9667	1.8823
0.1589	2.5321	-2.1423	-1.8752	-0.7280	-0.8092
-0.3840	-1.4054	2.1024	-1.1050	-1.0172	-1.1241
-1.4696	-3.3223	6.0752	-3.2174	-1.3087	-0.8669
0.4090	-2.3784	0.3025	-0.6951	1.6633	-1.8456
-0.9121	-2.4847	3.0489	-1.5328	0.8543	-2.3278
-1.2516	-2.6892	7.1044	-1.8729	-2.2533	-0.9991
1.0635	2.6439	-0.9304	-1.4886	-1.9748	-0.8993
-0.0176	2.5678	-2.8325	1.2853	-1.4240	-1.4433
-2.2180	-4.0730	3.5956	-1.8649	-0.1748	-0.7461
1.2022	-1.7826	-0.5909	-1.7440	1.8932	-0.9547
-0.8323	-0.9165	-1.0281	-0.5190	-0.4052	2.3599
-0.2226	-0.1867	-1.4103	0.4731	0.3675	-0.8965
-1.5035	-2.6384	0.1021	-1.5951	3.0263	-0.0213
6.8343	-4.5652	-2.9247	0.3157	-4.4710	0.6394
-2.4323	-4.6359	0.5471	-2.2004	2.9359	-0.2115
-0.4134	1.8798	-0.3230	-0.3542	-1.5999	-1.4157
-1.0017	-0.1655	-0.5027	-0.9798	1.0795	-0.7689
-2.3256	-4.2051	-0.7403	-2.5450	4.9108	-0.1964
0.3597	2.6484	-2.0636	0.6022	-1.6756	-2.8398
-0.7368	-1.2338	-1.7195	-0.9682	1.5557	1.3405
-2.7787	-2.8739	4.3404	-2.1821	0.2923	-0.3835
-1.1339	-0.4117	-2.3953	5.6992	-0.9792	-2.2076
-0.6333	-0.5368	-2.2036	-1.7560	1.3855	2.1091
1.7948	2.7295	-0.0726	-1.7874	-1.9165	-0.7038
-2.3446	-4.2340	0.0042	-2.4649	5.0707	-0.0739
-0.4910	-2.7552	-1.4924	0.5218	-0.8432	2.7800
-2.4339	-2.3731	4.9766	-1.2031	0.3919	-2.6366
2.7736	-1.5186	0.7205	-2.2114	-1.6775	-0.6154
-0.4426	-3.5317	-0.4359	-1.6709	0.3483	2.8508
-1.4135	-1.9771	6.3512	-0.0668	-3.1494	-1.1209
-2.2903	-3.0384	-0.1544	-1.6296	3.6251	-0.2358
0.4013	3.4875	-1.0998	-1.0268	-2.6810	-1.5111
2.1744	0.4104	-0.7872	-3.7289	0.1858	-0.3542
-1.9287	-3.1874	2.2289	-0.6020	0.6345	0.1082
-2.1150	-1.5755	2.3349	-2.0785	1.9447	-0.8629
-1.1182	-2.1709	-1.5756	1.3558	-0.6543	0.7416
1.5528	-4.0895	-1.2456	0.3614	-0.9247	1.8601
-2.0337	-1.0763	-1.0080	-0.1192	0.7658	0.6915
-1.0982	2.0452	0.2541	0.6872	-1.9981	-3.1919
-0.8017	-2.2268	-0.7613	-1.9870	2.2762	1.7684
-1.3298	-2.7642	5.7752	-2.6769	0.0394	-1.3238
2.7961	-0.0914	-1.8704	-0.8719	-2.7660	0.8142
-0.8225	-0.7306	4.0798	-0.3227	-1.7401	-1.3665
-0.4712	-0.5691	-0.5289	3.1830	-2.5404	-0.3850
1.1355	-2.3348	-2.1091	-1.6506	-0.2525	3.8688
1.4935	-2.1321	-2.8865	-0.3354	-0.0664	2.0449
-1.1694	-1.7085	3.4278	-2.1025	-0.0823	0.3616
-0.2427	4.8949	-3.2479	0.3285	-2.1799	-2.1887
4.0124	1.3906	-5.0450	0.0505	-4.1584	0.8913
-0.3000	3.4148	-2.6652	0.1036	-1.7316	-1.5050
-0.1539	-3.2887	2.6652	-1.6642	-0.4911	-2.0076
0.2353	-3.4308	-1.1190	-1.6209	2.8508	1.0108
-0.6218	-2.1521	1.5132	-0.8611	1.2404	-1.6732
-2.3873	-1.7462	7.4187	-3.0147	-1.9880	0.1621
-1.7408	-3.7308	-0.0278	-2.0239	4.4584	-0.3261
2.7334	-0.8923	-2.0124	-0.0578	-0.7215	-0.3977
1.5574	2.5980	0.6177	-2.0851	-2.3969	-1.1924
4.4575	-0.3853	0.2377	-1.1782	-1.5342	-1.5028
0.7595	-1.3874	-1.0280	1.6752	-1.1331	0.2043
-0.7759	-4.3092	-0.2550	-2.5622	4.5186	0.4685
-2.0723	-3.5304	5.7547	-2.4602	0.0478	-1.4710
-0.0676	4.0211	-1.5197	-1.3668	-1.6049	-1.8246
1.3692	4.0402	-0.6936	-0.6234	-2.7840	-0.9159
3.2763	0.8885	-1.5547	-1.0035	-2.6524	-2.0784
-0.0080	-1.2087	-0.6686	-1.1634	1.9539	0.5923
2.7074	0.0372	-2.7931	1.2000	-2.4249	0.8844
4.4419	2.6901	-2.4851	-1.4208	-3.8765	-1.1265
-0.9774	3.1110	-1.9537	0.7254	-2.4386	-0.8513
-2.0507	-1.0791	-1.0102	-0.1252	0.7488	0.6907
-0.2916	-0.1196	-0.8954	2.0757	-1.5153	-1.4623
3.4884	0.3786	-0.6477	-1.4672	-2.7855	-1.5800
-0.0005	0.9084	-3.7659	0.0854	-2.5511	3.2202
-1.0982	-1.5466	-1.0244	-0.6355	3.5441	-0.5959
-3.2644	-4.4039	7.4314	-2.6575	-1.0344	-2.0931
0.0248	-1.8863	-2.9327	1.8854	-0.8919	1.6452
-3.2197	-2.8958	3.3535	-2.6693	1.7541	-0.8192
2.5304	0.3908	-2.5731	1.1349	-2.0023	0.4768
0.7139	-1.8349	-1.5418	-0.5641	0.7249	1.9682
-1.1134	-1.6828	1.8830	-1.9516	0.9767	-1.7572
3.9454	-3.8314	-0.9921	-1.0471	-2.3347	2.6667
-1.6435	-3.7436	-1.2392	-2.3923	4.3680	1.1261
3.1414	-2.5513	1.1470	-1.5469	-0.0301	-1.2663
-3.6808	-3.4596	5.8741	-3.3861	0.0745	-0.4513
0.1374	-0.0059	-1.1734	1.8943	-1.7454	0.3892
-0.5943	-2.1765	7.7848	-4.0409	-2.9256	-1.4605
0.4961	3.4854	-0.2880	-1.1491	-1.8948	-2.1053
-1.0778	-0.4680	-1.5921	5.0179	-2.0867	-3.0267
-1.1158	-2.7981	0.0101	0.5056	2.1578	-0.7213
0.9990	0.9867	-2.0615	-0.7287	-1.5405	0.4168
-0.2835	2.9075	-0.4637	0.2277	-2.5919	-2.1844
-0.3905	-1.6581	2.1141	-2.2674	-0.4437	-0.5902
-2.3586	-3.1375	-1.2659	-1.6954	4.4521	-0.0726
1.9388	3.0568	0.0076	-1.9143	-2.2280	-0.8360
-0.8438	-2.9136	-0.1301	-3.4230	1.8287	0.7894
-0.7220	-2.0243	-1.2776	-0.9104	0.8876	2.3285
-1.0624	-4.6602	-0.1035	-1.0013	2.2718	0.5396
-1.8771	-0.9010	-1.4468	5.7938	-2.0795	-1.7907
-1.4664	-0.7832	-0.3948	-1.2601	1.6522	0.0352
-0.9700	-3.4629	-1.5375	-1.3048	2.7874	1.6354
0.2023	0.7693	1.2301	-0.2931	-0.0623	-1.6014
2.6384	0.0943	-2.6233	-0.4066	-1.7796	1.0193
0.5600	3.3978	-2.0226	0.3204	-2.9498	-1.2740
0.2954	-0.8001	0.5406	-0.4702	-0.6019	-0.1608
0.9685	-2.8536	-1.0000	-2.3812	2.8691	1.3495
0.9529	-1.5796	-1.8967	-1.4731	-0.4275	3.3829
-1.0963	-2.7505	2.0582	-0.4730	0.6078	-0.2958
-0.5868	2.1219	-1.4423	0.7654	-1.3718	-0.9668
-0.6358	-2.7335	-0.6904	-1.2498	2.2990	1.2366
0.5161	2.8572	-0.5397	-1.0506	-2.0309	-1.0525
-2.1308	-3.5735	-0.0634	-3.0991	0.8983	4.7274
-0.4344	-2.0844	-1.0170	-2.2786	3.6286	-0.6160
-1.6467	-2.3999	7.3193	-2.4520	-2.6743	-0.2579
-0.7645	-0.6566	-1.2886	-1.0678	3.7468	-1.0985
-0.0203	-0.5980	-1.5125	-1.3725	2.1152	-2.1083
-1.7992	-3.3143	-1.6016	-2.2311	3.2509	1.3622
-1.3825	-3.2478	-1.6425	-2.1011	3.2649	1.4138
0.0666	-1.4882	-1.2321	-1.6422	-0.4867	2.6171
-1.2191	-2.6951	7.1113	-1.8935	-2.2348	-0.9902
0.1178	-3.1006	-2.2369	-2.4649	2.8091	2.7304
-1.1150	0.8659	5.0071	-1.1958	-2.9946	-2.3504
4.1946	1.3114	-4.7361	0.1382	-4.0547	0.5424
-0.4177	-2.8470	-0.8958	-0.2169	0.9927	1.5540
0.6789	-2.4569	-1.7774	4.7437	-0.7209	-3.3513
-1.5135	-2.0270	-0.4187	-1.3195	2.6420	-0.1635
0.9232	-1.2507	-1.8934	-2.8544	-0.6081	3.4687
-3.5513	-4.4746	9.0788	-3.1723	0.7379	-4.0211
1.0383	0.4280	1.0052	-0.9626	-1.5910	-1.3880
-0.9272	-2.4612	-0.1628	-1.6944	2.3226	-0.1864
2.6567	1.7555	-2.7372	-1.2740	-1.5220	-2.1067
3.0713	-1.0513	-1.5098	0.0173	-1.9633	1.5346
-1.4502	-0.6275	2.2224	-2.8645	-0.1744	-1.9043
-0.6229	-2.2648	-1.1347	0.0553	1.5053	0.3849
-0.8092	0.5924	-0.9836	0.3925	0.9327	-1.5163
-0.3006	-1.9615	-0.7313	-2.1902	1.1510	2.9399
-1.1448	-2.4925	-0.7945	-1.4514	2.5044	0.7803
2.4300	-0.9823	-1.5125	-1.4044	1.0741	-0.9097
3.4519	1.5565	-1.2134	-2.4227	-2.0613	-1.2464
0.2402	-1.6236	-1.7622	3.4920	-0.2885	-2.8599
-1.8957	-1.0733	-2.2657	5.5111	-0.6348	-1.8392
-2.3872	-4.0742	-0.1198	-2.2824	5.2155	-0.0999
-1.4507	-2.6349	-0.0599	-1.5550	4.3177	-0.3498
-2.6737	-4.9027	-0.0536	-2.6453	5.2894	-0.1819
-1.1143	-2.6576	-0.0131	-1.3500	1.3658	-0.5225
-1.2236	-2.4344	3.7310	-2.0047	0.0328	-2.0754
0.9244	-2.8514	-3.3657	2.3463	-2.0249	2.8715
-0.4741	-2.9909	0.1750	-2.0226	3.6843	-0.1675
7.9524	0.0368	-0.2474	-2.6945	-3.9860	-2.3709
0.2259	-0.3388	-1.4756	-0.9058	-1.2241	3.8757
0.2819	-1.7881	3.0992	-0.9208	-1.5359	-1.2528
-2.3964	-0.8853	-1.2662	-1.4272	3.5425	0.0276
0.4362	-1.4786	-1.0647	-0.8202	0.2178	2.1880
1.9915	0.1529	-3.2310	-0.4800	-1.9312	-0.6307
0.3540	-0.3568	-2.0978	-2.1929	-0.6347	5.0050
-0.1345	0.2479	-1.4218	-0.7283	-1.4519	3.8672
1.1423	2.2343	-0.4744	-1.0458	-2.0574	-1.3746
-3.3034	-4.6298	8.8784	-3.2376	0.4608	-3.9054
-0.1761	1.3741	0.0892	0.1028	-0.6797	-1.0592
-1.1290	-2.4749	-1.6321	-1.6930	5.2145	-0.8082
0.7064	0.6545	0.2620	-0.4594	-1.6858	-0.8544
-0.6411	-1.3812	-1.9133	2.3506	-0.8781	-1.1494
-0.2994	0.7865	1.7562	-1.5822	-1.2751	0.0010
-0.8696	-1.3240	-0.1266	-0.7493	1.1814	0.7508
0.9287	1.1808	-2.4787	-0.7783	-3.0317	1.4500
-0.0602	-1.6196	-0.3498	-1.8719	1.8473	-0.2444
0.4804	2.5103	-2.0988	-0.0817	-1.6636	-0.2088
-0.4703	-2.0910	4.5049	-1.3863	-1.2679	-0.8640
-0.8993	1.6109	-1.6212	-0.3803	-0.2734	-1.7057
-0.1914	3.3080	-1.7663	-0.8682	-2.1606	-1.6556
0.1246	-3.6477	-0.9504	2.7710	-1.1584	0.8006
-0.8059	1.4493	-3.0568	0.6385	0.5478	-3.2891
2.8010	-1.5333	0.7414	-2.2112	-1.6602	-0.6393
-1.4771	-2.2788	1.7200	-0.4737	0.2318	0.0305
-0.3706	-0.9462	2.1197	-3.5522	1.8392	-1.8946
2.7968	-0.8822	0.2519	-2.0170	-1.2658	-0.5844
-0.9149	-2.1835	-0.7018	-0.6025	2.7319	-0.6995
-0.1317	1.3935	-2.1961	1.5431	-1.5860	-1.0466
-1.4645	1.1858	0.7253	-0.5596	-1.3241	-3.4843
-1.3189	-2.9803	2.1304	-2.1600	0.7828	-0.4309
0.5613	-3.0359	-2.7775	-1.2156	1.8284	3.6198
-0.0724	-1.2252	-2.2968	-0.2747	-0.4007	0.2430
-1.6448	-1.5575	-2.7339	7.2106	-2.2699	-3.0062
0.1512	-2.4373	0.0883	-0.7535	0.4165	0.6389
-0.7235	-1.8779	-0.9341	2.4654	-0.6012	0.3514
-0.8851	-1.4604	-2.2241	-1.4628	4.5248	-0.4702
0.5411	3.4596	-4.1929	1.3615	-2.0661	-2.9799
-0.5013	0.1842	-1.2843	3.7595	-0.4670	-3.0313
-1.6646	-1.3655	-0.2388	-0.4106	0.8360	0.3161
0.4723	2.5829	-1.0868	-0.6276	-1.7845	-1.6047
0.0560	-1.6403	2.0678	-1.3481	0.0029	-0.4718
-0.7033	-1.3806	0.0923	-1.8461	0.5985	0.0976
-2.3465	-2.3030	-0.8209	-1.7832	2.5281	0.7426
-0.2413	-1.9481	-0.8295	-2.6550	3.7463	-1.0554
-0.6916	-1.6299	-1.2599	1.4456	0.5046	-0.1857
2.8860	-3.0878	-2.2099	5.3558	-2.6149	-1.8891
-1.6720	-1.2076	2.6422	-2.7659	0.7784	0.2824
0.2634	-3.6937	0.0853	-2.2714	-0.1607	2.8524
0.1089	2.1454	-0.9023	0.2596	-1.8266	-0.8949
-1.6366	-0.0126	-2.2943	5.3989	-0.5359	-2.9892
0.5376	-1.0542	2.3398	-1.3758	-0.4207	-1.4907
1.0932	-2.2163	-3.0964	-1.3250	-0.9871	4.7501
-0.3200	-1.8310	0.7411	-1.9479	0.7749	0.1243
-0.1999	-2.3625	-0.8459	-1.9399	-1.1042	3.9436
-0.1158	-1.2829	-0.0571	-1.1708	0.5256	0.0334
-0.5475	-1.1357	0.9177	1.3332	-1.7384	-0.5475
2.3296	0.8980	-1.1540	-1.3143	-1.1767	-1.2505
-1.8950	-3.0811	1.9213	-1.8914	1.5512	-0.4696
2.3988	0.9543	-1.1860	-1.5215	-1.2950	-0.7030
0.3715	0.1912	-3.5370	-2.9568	-1.1061	3.4114
-0.2326	2.8656	-0.3830	-0.5647	-2.1969	0.1552
0.2286	-1.1518	-1.1460	-0.4891	0.2599	0.4933
0.0717	-1.6287	-1.5999	0.2016	0.0939	2.1172
0.8956	-0.3477	1.2627	-1.1577	-0.9557	-2.2005
-1.4309	-1.4528	-0.2646	1.7451	-0.0053	-0.0320
1.5624	1.6087	-1.0696	-1.0621	-1.4444	-1.2135
-1.2546	-0.6653	-1.7502	5.4292	-1.6832	-1.7860
-0.7068	-0.1733	-1.4594	2.5733	-0.9970	-0.4322
-1.4059	-1.9442	-0.4167	-2.9318	2.4855	1.0513
-0.4200	-1.7209	-0.4571	0.6913	-0.8264	-0.4042
-1.0885	-2.0470	-0.5620	-2.2995	1.7181	1.1877
1.2222	3.0022	-2.1430	0.2803	-2.3868	-2.2758
4.0801	0.8430	-0.9136	-1.4562	-1.4206	-2.9438
-0.8612	-2.6279	-0.5698	-1.8174	1.9887	1.4189
0.4204	0.0282	-0.2913	-0.0958	-1.6636	-1.3806
-0.8577	-2.5795	-0.4344	2.8805	-2.0068	-0.6364
-0.5540	-1.6501	-0.7523	2.3765	-1.2094	0.1796
-1.4222	2.8946	-1.7233	-0.0821	-1.2647	-0.6404
2.2613	0.9024	-1.2843	-1.1684	-1.2373	-0.9588
-2.3855	-5.1706	7.1387	-2.5576	0.2886	-1.8907
-0.6683	2.0929	-0.5555	0.1689	-1.1133	-1.7705
-0.5996	4.9474	-1.8225	-0.2451	-2.3223	-2.4850
0.3317	-3.4469	-0.5431	-2.0575	3.3751	-1.1541
0.2735	-0.0130	-0.9043	1.2034	-2.4040	-0.1672
-0.2931	-2.5800	-0.6156	-0.7896	1.3968	1.6915
0.8290	2.7932	-2.3606	0.4264	-1.8392	-1.6563
-1.1974	-3.2210	-1.2730	-0.5669	2.9846	1.3956
-1.1451	-2.1605	3.2876	-1.3377	0.1560	-0.2285
-0.6040	3.6317	-0.7208	0.1280	-1.8649	-3.0496
-0.6065	-0.8158	-1.0089	4.5723	-1.4804	-2.0177
0.3272	-1.6897	-1.7968	3.5144	-1.4896	0.7185
-0.7475	-3.5690	-1.0583	-1.0957	0.9653	5.6724
-0.8266	3.3733	-0.0348	0.1615	-1.3113	-3.0699
1.4063	-0.2628	-0.4799	-1.7987	-0.7346	1.4246
-0.7579	4.1603	-1.4810	-0.0882	-1.9529	-2.5723
-1.2447	-2.8187	-0.6893	0.0618	2.5171	-0.8381
-0.7839	-2.4691	-1.2631	-2.3213	-1.3508	6.0169
-0.4701	-0.5412	-1.6391	3.2233	-0.4773	-0.9417
-0.8036	-3.0657	-1.1087	-1.1505	1.0183	5.4835
-3.5069	-4.0672	9.5030	-1.6737	-0.8211	-2.6197
0.2672	-1.8534	-0.2910	-0.3695	2.0298	-1.2301
-2.4678	-4.1361	5.4385	-2.4195	-0.4702	-1.0631
-0.5869	-2.6329	1.2700	-2.1205	2.1610	-0.6088
-0.5027	3.3784	-1.3362	-0.5726	-1.4379	-1.6817
1.5957	-1.9896	-0.7512	-0.9785	1.8188	-0.8060
0.0383	2.1046	4.9948	-2.7372	-3.5025	-2.5606
-1.9740	-2.2015	0.1692	-2.3092	2.9509	-0.2840
0.0640	2.0084	4.7242	-2.6259	-3.3193	-2.4401
1.1687	-2.7856	-0.7334	-1.9624	2.4149	0.7625
-1.9807	-1.8992	-0.7352	-2.0796	2.9475	0.4266
-0.7422	-1.8703	3.7735	-1.9437	0.5426	-0.8257
-2.0529	-2.3315	3.6074	-0.5817	-0.4193	-0.8098
-0.8369	-0.6954	-1.9451	3.8428	-1.2879	-1.0666
-1.1362	-3.1552	-0.9371	-2.1480	2.9645	1.6205
-0.7139	-1.8089	2.4911	2.8694	-1.8696	-0.5010
-0.5990	-3.8192	-1.4471	-2.6936	0.1660	5.0554
-2.2204	-2.4846	3.3665	-1.1721	0.6914	-1.2306
2.7339	-0.6857	0.1741	-2.0465	-1.2168	-0.5854
-1.8441	-3.5431	-0.2506	-2.0899	4.1773	0.2042
-1.4010	-2.6978	-0.1820	-1.3131	2.4173	0.1234
-1.0413	-4.7755	-0.1894	-0.7859	2.1693	0.5353
-1.2181	-1.2700	2.0572	-1.0555	-0.4095	-0.7006
-1.8909	-2.5005	2.3999	1.3489	0.8815	-0.8508
-0.9075	-1.7628	-0.2562	-0.9728	2.0002	-0.0283
-1.6613	-1.9558	-0.9606	-1.1081	2.8359	0.1130
-1.3776	-0.3286	3.0705	-0.6676	-0.9360	-2.3303
-0.1203	1.5331	-0.9444	1.6137	-3.8447	-2.0606
-0.8134	-0.6159	2.5829	-1.1627	0.5159	-2.7367
-1.3814	-2.3885	-0.7346	-1.8983	1.5113	1.8123
-0.8808	4.0227	-1.8151	0.8035	-2.6871	-2.2837
-1.1339	-0.4117	-2.3953	5.6992	-0.9792	-2.2076
-0.7729	-2.7631	0.2000	-1.9821	-2.0576	6.5103
-1.1700	-0.0261	-1.4000	4.4894	-1.0627	-2.2257
0.4267	-1.9670	-1.0209	4.6313	-2.2854	-0.4793
-1.5186	-1.1498	2.0192	-0.3901	-1.0073	-0.7590
-0.7296	-0.8654	4.8064	-2.4204	-1.7022	-1.4430
-1.9222	1.5015	-0.3675	4.3210	-2.0597	-1.5879
0.0663	-0.9073	2.0016	-0.3485	-0.4214	-1.2061
-0.1544	-0.1793	-0.7378	2.2181	-1.8804	-2.0023
-0.6205	-2.2595	-1.6016	-1.6227	3.1460	0.1032
-0.0933	-0.1356	1.5984	-0.9838	-1.6537	-0.9025
-0.2058	3.6654	-2.3813	1.4708	-2.2404	-2.7124
-1.3188	2.3909	-1.1080	0.4869	-1.6795	-1.0410
0.1009	-1.2892	0.1213	-1.2465	-0.7040	3.4025
-0.1746	-2.2531	-1.1050	5.0260	-1.9722	-0.1850
-1.8238	-3.3186	0.3185	-2.1181	3.3882	-0.1296
-1.7255	-1.5552	2.6618	-1.3128	0.4260	-0.7188
0.6662	0.3265	-2.1763	0.2631	0.2686	-1.2823
-0.5930	4.0803	-0.8533	-0.4792	-2.7623	-1.9073
-0.0841	-2.3015	-2.0043	-1.5698	2.5686	1.4460
-0.2955	-2.9155	-2.2060	-1.0653	3.1929	-0.8826
-0.3358	-2.9851	0.2506	-2.1512	0.7198	2.1050
0.1392	0.4185	-3.5681	-2.9215	-2.3840	5.3701
-2.0528	-2.2237	4.3404	-0.4271	-2.1472	-0.5357
0.5468	3.6173	-1.8240	0.0511	-1.9615	-2.0832
-0.6831	-2.2555	-0.2822	-2.1769	0.4142	2.8395
1.0376	-2.4358	-1.8445	4.3718	-1.1389	-1.7639
-0.9459	-2.1269	-2.7271	-0.5804	4.2628	-0.6048
6.3368	0.8323	-0.4757	-2.0810	-3.6220	-2.7069
0.4469	4.0113	-1.1450	-1.1902	-2.3872	-2.0657
4.4780	0.4739	-4.0378	-1.7747	-0.8296	-0.1368
-0.1721	-4.0044	-0.5231	-3.1055	-0.3772	4.2955
-0.1622	-1.8808	0.0677	-0.1131	-0.3195	2.2365
-0.9447	-0.0775	1.5504	-2.0604	0.3338	-0.1268
-0.2007	-2.8600	-1.3027	-1.4746	2.7124	1.3148
-0.4251	-1.5017	1.9114	-0.4347	0.4164	-1.3235
-1.6392	-3.2806	-0.1852	-1.7045	3.7230	-0.3598
-0.3973	2.8309	-1.3381	-0.5976	-1.2009	-1.8978
-0.8351	-3.6881	-0.7365	-1.6441	3.1472	1.6198
-0.5908	-2.6053	-2.0308	-0.1555	2.7783	0.6889
0.0283	-3.6435	-0.7883	-1.6460	1.7841	1.7527
-0.0420	0.3723	-2.0083	-0.1478	-2.0254	0.5570
-0.4423	-4.4564	-1.2796	-2.6125	3.0696	2.5027
-2.6677	-3.7549	-0.9338	-1.9284	5.1387	-0.6012
0.1094	2.2299	-0.4607	-0.3478	-1.5985	-1.3317
-1.5784	-2.8868	-0.3575	-1.8938	3.0221	0.2337
0.4493	1.6508	-2.5201	-2.2694	-2.9901	1.6671
-2.6468	-4.2637	0.2411	-3.0305	4.5088	-0.1734
-0.5834	0.6650	-1.8859	-0.5607	2.4917	-2.6983
-1.4465	-2.2685	2.0510	-1.1768	1.6516	-1.6390
0.3125	-1.9331	-2.3543	-3.5505	-1.0509	4.8293
1.1636	2.4145	-3.0397	-1.8627	-2.4130	0.3674
3.0159	1.5472	-1.5984	-1.0981	-2.1573	-1.7965
-1.8645	-2.8683	-1.8405	6.1380	-2.0090	-1.1682
-2.6319	-3.8242	7.4837	-3.4033	-0.1974	-1.9436
1.0148	2.4154	0.8868	-0.3443	-0.5874	-1.6032
1.1669	1.7334	-1.3417	-0.5173	-1.3625	-0.6287
1.8814	-2.0872	-0.7371	-2.5969	-1.1041	2.6162
0.8471	2.2336	-2.2024	-1.5635	-1.5891	0.2170
-0.5466	1.4920	-1.5703	-0.2737	1.3175	-2.0677
-1.0644	-1.7223	-0.2141	-0.8237	1.8150	0.0891
-1.5530	-0.7864	4.3332	-2.0223	-2.2179	-0.7305
1.0561	3.3626	-0.5249	-0.2185	-2.5113	-0.6569
1.6848	2.3819	-2.3241	0.1841	-2.6121	-1.2779
2.4826	3.6199	-2.8035	-2.0597	-0.5730	-2.3174
0.6939	-3.2437	-0.3408	-1.6215	2.0428	-0.4582
0.7511	7.8505	-2.5315	-2.1153	-2.7327	-3.6786
-1.5359	-2.8226	0.0386	-3.2356	3.2733	0.5535
-0.6674	-0.7181	-1.6488	4.1483	-1.7684	-1.9975
-0.4968	-0.2753	-0.5964	2.6464	-1.2505	-1.7536
-1.6885	3.3444	-0.6578	-0.7334	-1.2668	-1.2281
0.3267	3.2328	-2.1717	-0.2377	-1.6495	-1.1120
0.1953	-1.8069	4.2573	-0.0874	-2.7956	-3.9133
-0.1278	0.1721	4.5577	-2.4111	-3.2139	-1.0636
-1.8590	-2.2672	1.1446	-1.4567	2.8010	-1.7748
-0.6680	-1.2303	1.6877	-0.9461	0.8261	-1.3652
0.7674	1.1006	-1.6510	0.1053	-1.7101	-0.2852
0.7697	2.7843	-0.2214	-0.1484	-1.2121	-2.7780
-1.3666	3.6380	-2.9310	-0.5984	-1.7658	0.7079
-2.1651	-1.4106	-0.9067	-0.1626	2.6833	-0.6977
7.3993	-0.1247	-0.1093	-2.4924	-3.6777	-1.9620
-1.0568	5.0523	-1.0350	0.3066	-3.5780	-3.2266
1.7519	0.9303	-3.0392	-0.2507	-2.2260	0.4379
-0.2710	-3.6709	3.9445	-1.5862	-0.7586	-1.1988
1.8032	-1.2603	-2.0723	4.0993	-2.5516	-1.1773
-0.6595	-1.2463	0.1702	-1.6547	0.6477	0.3511
-1.7977	-2.6016	6.4008	-3.2601	-0.4869	-1.7097
1.0388	-0.3477	-0.8493	0.9968	-0.7139	1.6397
-0.3874	-2.2637	-1.6973	4.6605	-1.3735	-1.8563
-0.2478	4.2818	-2.1062	-0.3851	-2.2502	-2.2594
-0.7440	0.1255	-1.0749	3.9343	-1.6480	-2.9108
-1.7275	-3.3683	-0.4492	-0.2789	1.6444	1.4617
-2.6140	-3.7143	7.4646	-3.3518	-0.2079	-1.9375
0.5003	0.2013	-0.2765	0.2757	-0.1234	-1.1959
-0.5703	2.2867	-2.8531	2.7084	-1.9286	-1.4111
-0.2601	2.7910	-1.1555	-0.4208	-1.7934	-1.2609
-0.5488	3.3490	-0.9399	-2.5724	-0.0380	-2.1830
-1.1391	-2.3356	-1.9016	-0.3788	2.8419	1.0208
-0.1702	1.7256	-1.5294	0.8053	-1.2492	-1.3649
0.2457	2.2206	-0.8185	-0.8501	-1.4633	-1.5816
-0.4234	3.7520	-0.4994	-0.7819	-2.4251	-3.0283
0.3586	-2.2298	-1.0605	-2.3123	1.3492	0.8400
0.0858	-0.2596	-2.4570	0.3019	0.4916	-1.7101
-0.9140	3.1473	-1.5961	0.4949	-3.4228	-1.4331
-1.4755	-2.9627	5.0463	-2.3402	-0.1959	-2.5491
0.4032	1.4219	-0.3149	0.4349	-2.4960	-1.2029
-1.7988	-2.2360	5.1159	-1.2602	-0.1516	-2.9294
-0.9339	-1.6479	0.2105	-0.8350	0.2064	0.9631
-0.9712	-1.2994	-0.0961	-0.0159	0.9959	-0.9203
2.3695	1.5646	0.6910	-0.9824	-3.0882	-0.6056
0.7854	-2.2849	-1.8289	3.9298	-2.0527	-0.5277
0.8450	-4.6087	-1.7602	-2.8257	4.7298	0.6500
-0.3919	-1.0374	3.0287	-0.8166	-1.6543	-1.5073
-1.5438	-2.1986	0.6716	1.1291	0.8389	-0.8576
-1.9580	-2.1570	-1.5314	-1.4849	5.7537	-0.3012
-1.6425	-1.7388	2.0411	-0.1840	-1.2514	-0.0925
-0.1382	-3.1787	-0.2902	-1.6406	0.5815	2.5920
-1.3862	-1.0526	-2.1252	-0.9973	2.1338	-0.4523
-0.5238	-1.1788	-0.7266	-1.4829	1.8613	0.0888
0.5051	-1.4855	-1.5726	-1.5678	-1.2063	5.1616
0.8301	-0.6757	-1.0758	-1.0039	-0.3658	2.2178
0.7530	-2.5857	-2.3837	-2.4857	3.8205	-0.3253
-0.8876	-1.6902	-1.2372	-0.5550	3.0582	-0.8231
-2.1899	-2.0582	-0.2361	-2.5269	3.6543	0.5810
-1.1583	-1.3455	0.1796	2.3220	-0.3359	-1.4302
2.1495	-0.8964	-0.5148	-0.2405	-2.0354	1.5818
0.0238	3.2544	-1.1257	-0.5190	-1.6569	-2.2342
-0.6036	0.2577	-0.6936	1.4951	-0.6700	-1.1915
-0.6400	-1.8512	-1.5970	-1.3451	2.1992	1.0464
-1.5054	-2.7664	-0.6331	-2.3473	3.1981	0.8288
-0.7618	-3.3293	-0.9492	-1.3979	2.9862	1.5103
0.9764	1.3173	-0.1436	-0.4757	-0.4438	-1.5429
-0.5428	4.3744	-1.7734	-0.6972	-1.9312	-2.8751
-1.6765	-1.9314	0.5907	0.8657	0.8899	-0.6745
0.4417	2.1676	-1.9072	-1.2873	-1.3101	-0.0830
-1.8055	-0.9541	3.0813	-0.9168	-0.2677	-0.3814
-2.7953	-2.0616	-0.3778	0.2467	3.0156	-2.0772
-0.8345	-3.3258	-0.9611	-1.3829	2.9183	1.6101
-1.8150	-2.0610	1.5620	-1.8509	1.7076	0.5724
-0.6971	-1.2465	2.3461	-1.8215	0.2457	-0.3872
-1.5298	-2.7347	-0.6637	-1.2620	3.1960	-0.1116
-0.2059	-1.9167	1.7605	-1.8814	0.3796	-0.5582
-0.8477	-3.3126	-0.9242	-1.3114	2.9477	1.4880
-0.0110	2.7804	-1.1021	-0.4845	-1.9618	-0.6669
-0.0830	-1.1999	0.3694	-2.0479	0.5524	0.2293
-1.1114	-1.7287	2.7567	-1.6181	0.1641	-0.6613
1.1313	1.6977	-2.8079	-0.0771	-2.3460	-0.5159
-1.2270	3.3721	-0.8927	0.2254	-2.1260	-1.6746
-0.0053	4.3244	-1.8513	-1.0840	-2.0583	-2.2032
0.0606	3.2796	-1.3415	-0.3573	-2.1528	-1.4998
1.2809	-0.3793	-1.4500	0.6949	-1.3205	-2.0053
1.5622	0.7223	-2.0420	0.5717	-2.6993	-2.6117
1.0932	-2.2163	-3.0964	-1.3250	-0.9871	4.7501
-2.6299	-2.2600	-1.3107	-1.9321	5.6426	0.2734
-1.6977	-3.3037	-0.7168	-1.4391	3.1216	0.2830
0.3657	2.9818	-1.3442	-0.4755	-1.0246	-2.4962
3.1286	-1.9768	-1.4781	-0.2137	-0.6374	0.5006
-0.3390	1.9061	-1.4802	4.3234	-2.2100	-3.0513
2.2522	1.0105	-1.5311	-0.8770	-1.8109	0.4950
-0.7575	3.0219	-1.4215	-0.8053	-0.8380	-2.5419
-0.2915	-0.9165	-0.1941	0.4127	1.6447	-1.6987
3.0302	0.5096	-3.6013	-0.9622	-0.8585	0.9270
0.4006	-2.0119	-1.9759	3.0416	-0.6728	-0.7414
-1.5553	-2.1408	0.6745	0.9137	0.7075	-0.7266
-0.6381	-1.6614	-0.1222	3.3458	-1.7421	-2.5652
-0.2908	1.5201	-1.7307	-0.2864	0.0102	-2.4381
-0.9431	-0.6582	-1.7400	-1.7177	1.6439	-0.3055
-2.1925	-3.6091	-0.7511	-2.1948	3.6766	0.1533
-0.1529	-0.4283	3.2913	-0.5551	-1.3437	-0.9698
-0.7736	-1.2292	2.1075	-0.4989	-0.5117	-1.7706
-1.7099	-3.2346	-0.7375	-1.3854	3.1403	0.2203
0.3579	-3.4952	-1.2577	-2.2851	3.6170	-0.6486
0.8970	-1.8382	-1.0753	4.5107	-1.6639	-3.1802
-0.9020	-1.5826	-0.0209	-0.4355	1.4230	0.8703
-0.2116	2.1141	-0.4380	0.0289	-1.7650	-1.4637
-0.3286	-0.9413	2.7048	-0.9754	-0.9021	-0.6217
-1.0443	-1.8955	-1.3897	-1.3400	3.3741	-1.5451
-2.0352	-2.6069	-0.7190	-0.4909	1.7324	1.1199
0.4576	-1.8912	-1.2749	1.4370	0.0806	0.2666
-1.8624	-3.0230	-0.0488	-2.6456	-0.0805	4.0982
0.9347	-1.5082	-0.8084	-1.2074	1.5377	-1.9441
-1.6313	-1.2179	0.1461	-1.6939	3.7466	-2.3094
-0.9571	-0.5967	-1.4565	3.5408	-1.4777	-3.0320
-0.8400	-2.1623	-0.3238	-2.3458	3.6930	0.0851
2.6456	1.7377	-2.6846	0.9078	-2.2610	-2.3594
-0.5797	-1.2721	-1.2249	5.7325	-2.8719	-3.6077
-1.2038	1.3369	0.7101	0.7490	-1.6203	-2.8375
-1.6895	-3.2159	-0.7348	-1.3944	3.0642	0.2752
-1.3081	0.1609	1.3283	1.2381	-2.6281	-2.3896
-1.1900	-1.8359	-0.5287	-1.4289	3.1161	-0.7251
-1.2229	-3.1240	-1.5520	-2.3421	2.2796	2.1071
-0.4153	0.4784	5.3083	-2.3680	-3.5842	-1.2372
-1.3766	-2.9642	3.4182	-0.6818	-0.3744	-0.8343
-3.7525	0.9135	0.0135	-3.5416	-0.2306	0.2962
0.7551	2.5258	-0.7562	0.7022	-2.3347	-1.1408
1.5969	3.4939	-2.7577	-0.0306	-1.2677	-1.2910
-1.2799	-3.5693	-0.0564	-3.1533	4.2855	0.3165
-0.7154	-3.4850	-1.7928	-2.0305	2.3487	2.5119
7.2715	-3.0890	-2.6386	0.7456	-3.0934	-0.6031
1.2763	-4.4392	-0.8640	-2.1431	3.3838	-1.1090
-0.6994	-0.0558	-0.8193	-0.6738	-1.4804	3.1071
-0.3424	-2.5246	-0.8986	-2.2120	1.5483	2.7997
-2.1871	-1.5731	2.8301	-1.2256	-0.2390	-0.1112
-3.4151	-1.5269	3.4330	-1.7963	-0.8625	-1.6949
-1.9288	-2.5898	1.1955	-0.5793	1.5078	-0.2592
3.1835	-2.1032	2.3295	-1.8897	-1.1783	-0.7752
-1.5661	-2.9934	1.4765	-0.1385	0.2731	0.0824
2.1651	1.1963	0.1213	-0.6924	-2.6125	-1.8211
1.2133	2.4672	-1.9738	0.1326	-2.9901	-1.8557
-1.4135	-3.5000	-1.4362	-2.2000	2.7150	1.8452
7.2715	-3.0890	-2.6386	0.7456	-3.0934	-0.6031
-0.5393	0.7938	-2.4078	1.3182	-1.5337	-1.0845
2.3650	-1.4820	-1.8958	-0.9990	-0.6815	1.2618
2.2685	0.9424	-4.4051	-0.8090	-3.0279	2.2082
-2.3977	-3.7527	-0.5726	-2.2770	4.5108	-0.2272
-0.4467	-3.9915	-1.1410	-2.3336	4.8027	0.4174
-1.0655	4.7209	0.8406	-0.8171	-2.6143	-1.6809
-1.6835	-3.7203	-2.1224	-2.7429	4.8330	0.6938
-0.5250	0.8259	-1.6611	2.4551	-2.5952	-1.8373
-0.2009	2.0631	1.8239	-1.7198	-2.2182	-1.4397
3.2753	-0.2094	-2.6566	0.6484	-2.8185	0.9851
-0.0294	-2.9446	-1.4075	-1.3071	2.8022	1.0424
3.4457	0.6863	-0.0084	-1.1158	-2.4459	-1.5795
0.5630	-1.4548	-1.4620	-1.3886	-1.1706	4.7953
0.0047	-1.5859	-1.6659	-1.7165	1.6651	2.1959
-0.9656	-1.9895	-1.4592	1.8771	-0.8965	0.1387
-0.8160	2.5280	-0.4396	0.8808	-2.3687	-1.2890
-0.0404	3.5490	-0.9842	-1.2132	-1.5860	-2.2470
0.1230	-1.0066	3.0957	-1.6603	-1.5575	-0.7414
0.1451	-0.8550	-1.0695	-1.1424	-0.4791	3.3070
0.6928	-1.5383	-1.0545	-1.5325	-0.0418	2.5367
0.5647	-2.7747	-0.6435	-0.6052	0.1132	2.9050
-2.3001	-0.3139	1.4989	-1.8973	-0.1923	0.4241
0.7678	-1.8781	-1.2899	-1.2364	-0.6756	2.3434
0.1468	-1.3737	-0.7586	-1.0547	-0.8539	2.3032
-2.1122	-3.5602	-0.9216	-2.8750	2.0727	3.1763
2.6384	0.0943	-2.6233	-0.4066	-1.7796	1.0193
0.8676	-1.0662	-0.8714	-0.9272	-0.2688	2.0156
0.0701	-1.1167	2.7594	-1.5509	-0.5838	-1.2927
-0.6204	-2.1842	3.1701	-2.4135	-0.4645	-0.9878
-1.4353	-5.6953	-1.5564	0.8537	0.5456	3.2098
3.2636	-1.4767	-1.4029	0.5088	-1.9893	1.1521
-1.0163	-1.7006	1.4305	-2.4150	-1.0536	4.1134
-0.4786	-3.3436	2.9140	-2.6028	-0.1574	1.3686
-0.7698	3.9326	-1.2396	-0.0357	-2.7968	-1.6944
0.4818	-1.6095	-1.7169	-1.9122	-0.2204	3.9508
0.6230	1.2725	0.6037	-1.2050	-1.8650	-0.4917
0.5177	-2.0781	-1.9855	-1.4757	-0.7206	3.6484
2.5589	-1.1675	-0.7556	-0.4997	-0.1131	0.1375
-1.9890	-1.3597	3.4977	-0.7867	-1.4363	-2.4960
-2.4661	-4.9399	-0.9918	-2.6524	5.0280	0.3017
-1.4240	-0.9385	1.4945	-0.8718	0.9409	0.4305
-0.5583	-0.9585	-0.3089	4.3058	-2.4057	-2.9173
0.2086	0.9653	-3.0038	0.4002	-0.0839	-2.0211
1.0440	0.4938	0.0101	0.1898	-2.2914	0.1221
-0.2567	-3.1855	-2.4529	-2.1977	2.9076	2.1156
3.4539	1.0340	0.0088	-0.8641	-2.4419	-1.9462
-0.4827	-5.1785	-1.3439	-2.2222	4.0067	1.5604
0.2636	-2.5982	-1.4335	-1.7525	1.6627	2.1977
-1.0459	-3.1459	-0.4410	-2.0743	4.0458	-0.4647
5.8261	1.8501	-0.2545	-2.1888	-4.0371	-2.6756
0.5451	-5.9873	-1.1150	-4.2272	3.4814	3.9355
-0.6137	-2.2339	-1.4867	-2.4206	4.8410	-1.1546
-0.5846	-2.6660	-1.5631	-2.2467	1.8638	1.4776
1.7823	0.9029	-0.9507	-0.9957	-2.3556	-0.8923
-3.6573	-4.8297	6.5453	-2.8143	-0.3987	-1.1586
-1.7328	-1.9943	-1.7408	2.5403	1.0156	-0.5693
-0.8724	-1.3291	3.9250	-0.0455	-2.0341	-1.1023
-1.4355	0.9849	3.6961	-1.4609	-2.3669	-1.6172
1.5446	-3.2960	-1.6934	-1.3803	3.9309	-1.7873
0.5264	-0.2746	3.3097	-3.5389	-1.5051	-1.9036
1.8191	-0.2976	-0.2136	-0.7741	-0.9318	-0.4779
-0.0761	-0.2183	-0.6171	-1.9430	-1.3388	3.2115
-0.7224	-1.6132	2.7374	-1.0447	-0.0179	-0.7165
-1.2625	-1.7889	4.5881	-0.5408	-0.6131	-3.4701
-1.1680	0.8256	-0.8692	1.2054	-0.5821	-1.6619
-2.0566	-3.9074	3.2335	-1.5118	-0.1670	-0.8377
-2.0156	-2.4356	3.7216	-1.8600	-0.2384	0.0173
-1.4894	-2.3355	6.5001	-1.6187	-2.5119	-1.1378
-1.9529	-2.8557	-0.2637	-1.5845	2.8203	-0.0711
-2.2559	-3.2400	-0.9935	-1.8410	4.2997	-0.1985
0.0176	-2.9426	0.2954	-0.5340	0.8403	-0.5731
-0.8604	-1.8355	4.9317	-1.4639	-0.2226	-4.2018
1.1048	-2.5848	-3.0004	-3.5530	-1.8190	7.6161
0.2314	-1.4416	-2.3817	-2.0109	-0.2142	3.3630
0.4288	-1.0263	-1.4217	-2.0924	-0.1166	2.0527
-0.5425	-3.5875	-1.3013	-2.4382	1.6078	3.2395
-0.2742	-2.4623	-1.7817	-2.6637	-0.2314	4.8682
-0.2483	-2.8873	-1.0055	1.3384	0.0372	1.0042
0.4618	2.2948	-0.6184	-0.3574	-2.0345	-1.3558
1.1495	2.4341	-1.4278	0.0327	-2.0072	-1.5382
2.1468	0.4242	2.6273	-1.8609	-2.6750	-1.7502
-0.1635	-1.4854	3.5831	-1.9641	-1.0589	-1.4023
2.0392	0.6318	-1.7370	0.7503	-1.6840	-1.9274
-1.1741	-0.5636	-2.5581	5.7554	-1.2454	-2.1418
0.5841	2.4003	-2.0824	0.9301	-1.6300	-1.5585
-0.4142	-0.4120	-0.2517	-1.9378	-0.3402	0.3045
-2.0681	-2.8859	-1.4153	-2.0872	3.5429	0.8011
-1.3425	-2.6173	-0.1987	-1.1241	4.2055	-0.5543
-3.4551	-1.6329	2.6185	-2.0914	0.7006	0.3545
-2.5906	-1.6807	1.7013	-0.9437	1.1096	0.5281
-2.5906	-1.6807	1.7013	-0.9437	1.1096	0.5281
-3.1290	-2.4191	1.4497	-4.0070	3.0448	0.2011
-0.0969	3.6992	-0.9853	-1.7649	-2.1562	-0.1576
0.6088	3.5731	-1.8184	-0.6632	-3.1657	-1.2638
0.3630	2.5536	-1.6459	-0.6675	-2.4348	-0.6538
0.0681	3.8849	-1.3469	-1.6554	-2.5299	-0.5778
-0.4291	-3.2916	2.7613	-1.2751	0.4224	-1.1227
0.3470	4.4072	-1.5400	-1.4500	-2.5090	-0.7670
0.4061	3.2611	-1.5857	-1.2834	-2.1802	-0.3882
0.1674	4.3764	-1.3114	-1.1406	-2.3908	-0.9513
0.3710	3.6402	-0.8968	-1.4918	-2.3094	-1.9270
-1.0551	-2.0015	-0.4536	-0.8636	2.1329	-0.0685
-1.5790	-2.0235	-0.5010	-1.6475	2.8943	-0.1278
-0.4734	1.1741	-1.7394	2.3168	-1.6877	-1.0486
-0.4588	-2.3430	-0.3564	-0.6426	1.3616	1.7738
0.8191	2.7663	-3.0180	1.4297	-2.5820	-1.9452
0.7158	2.4024	-2.9689	1.1108	-1.7486	-2.5224
1.7754	-1.2697	-2.9084	3.0903	-2.1861	-1.5716
-0.9251	-2.7552	-1.9082	5.8300	-1.6604	-1.0822
1.1118	5.8977	0.4494	-0.5971	-4.1048	-4.3475
-0.6063	-0.6613	-2.3910	3.6599	-0.3448	-2.1360
-0.5264	-1.3790	-1.1618	1.3397	0.6640	-1.7535
-0.6490	-1.9351	-0.3176	-1.2173	1.4362	0.9275
-0.6422	-1.7912	4.2932	-1.5676	-1.0949	-0.5846
-1.7784	-1.8604	2.5197	-1.9805	0.8295	1.1887
-1.4544	-1.7317	0.9646	-1.4681	0.8857	0.6123
2.2085	1.1401	-0.4324	-1.1091	-2.6913	-2.2493
0.5171	0.0598	-2.2522	-0.1723	-2.8835	2.5275
0.6796	-3.8072	2.3697	-1.3401	0.4451	-1.4889
0.0570	2.0853	3.6397	-2.0107	-2.9871	-2.4344
0.0674	2.0067	4.7365	-2.6360	-3.3267	-2.4442
0.3323	2.6715	5.1012	-3.1073	-4.1444	-2.7608
0.1144	1.7624	4.1020	-2.4041	-2.8930	-2.1647
2.7222	0.1244	-3.0434	-0.1262	-2.1965	0.4830
3.0507	2.8218	-4.8440	0.0568	-3.8835	0.0453
-1.8871	-1.1879	1.4567	-3.2397	0.9114	0.8575
4.0611	0.8489	-1.2517	-1.4761	-1.5606	-2.5495
0.0310	-2.6871	-0.1146	2.3170	-1.3252	0.1335
-0.2958	-2.2323	-0.1873	2.6142	-1.2497	-0.3070
-0.4491	-0.2325	-1.2002	2.3799	-1.5062	-1.6069
-1.7212	-2.4501	0.0101	-2.1112	3.7514	-0.0809
-0.4336	-1.6066	-0.5259	3.9092	-0.3658	-1.7987
1.1785	1.8612	-1.2551	-0.9087	-0.1923	-2.2718
-0.4230	-1.6507	-0.8510	3.7300	-0.3755	-2.5057
-0.4451	-2.0748	-0.5902	4.6722	-0.5002	-2.3511
-0.5959	-1.4647	3.4026	-1.2658	-0.7713	-1.1340
-0.7312	1.6434	-0.8172	-0.9487	-0.9871	-0.6555
-1.3385	-2.1899	0.2782	-1.5550	2.3149	0.1321
-0.9985	-2.7156	4.2966	-1.4309	0.0450	-2.2065
-1.8421	-2.0938	-0.6472	-1.8743	2.9040	0.3628
-0.9470	-2.4985	4.0121	-1.1758	-0.0020	-2.2418
-0.9891	3.0401	-1.1237	-0.1318	-1.6946	-1.5134
0.0053	-1.9068	-0.9051	0.1819	-0.6811	1.5671
-0.4569	-3.9947	-1.1340	-2.3370	4.8044	0.4261
2.1685	-0.7169	-3.6783	0.2069	-3.3376	2.6341
0.2476	0.3441	3.5719	-1.2255	-2.5090	-2.1216
-0.1098	2.1822	-0.5075	0.0102	-1.2129	-1.6633
-0.6929	-2.2028	1.7442	-1.7073	0.4158	-0.7052
1.9393	3.3582	1.0131	-2.5873	-3.0769	-2.3868
-0.4936	-1.3186	2.7301	-0.8654	-0.0962	-1.3429
-0.9676	-2.4006	4.9776	-1.5158	-0.0430	-3.6115
-0.4425	2.0287	-1.4338	5.6227	-2.6545	-3.5541
-1.2225	-3.0673	0.1263	1.0783	0.0062	-0.0041
-0.7146	-2.1783	2.2320	-1.0040	0.3242	1.5377
0.8248	2.6000	0.7634	-0.7701	-0.7368	-0.9360
-1.3033	-1.6778	0.2761	-1.2187	-0.1845	2.2115
-0.5247	0.7709	1.4398	-0.6346	-0.9167	-1.4939
-1.5714	0.3447	-1.0722	-0.1107	-0.3272	0.5946
-1.8478	-1.0427	-0.8259	3.8264	-2.1994	-1.8759
-1.3816	0.1377	-1.0626	0.1613	-0.0863	0.3879
-1.5200	0.7621	-0.7232	-0.8243	-0.6947	0.5891
-1.3132	-2.2246	-0.9196	4.3619	-0.7034	-2.2316
-0.7726	-1.3361	-2.4921	-0.4962	2.7536	-0.4011
-0.3420	0.7843	-2.7692	3.8190	-1.1114	-1.7081
-1.4879	-1.5227	-0.7636	4.0871	-1.3982	-1.8718
-0.6595	0.2709	-0.5566	-0.1795	0.1276	-1.0040
-0.5564	-1.7898	0.4413	1.8885	-2.0736	-0.7424
-0.1998	-1.2706	-1.0707	2.0489	-1.4813	-1.2786
0.2034	-2.2540	-1.8120	-0.4671	1.7293	1.7224
-0.1253	-3.3234	-0.5055	3.6907	-2.1576	-0.8134
-3.2019	-4.5564	-1.4603	-0.6558	2.3259	1.4697
-1.0143	-1.1032	-1.2976	5.8395	-2.4634	-2.0455
-3.8755	-2.2894	4.7198	-1.9433	-1.0789	-2.0706
-0.7207	2.1686	0.7904	0.2676	-2.4182	-2.5428
-0.2937	3.5917	-1.3674	-2.9973	-0.4733	-1.4264
0.1938	3.7351	0.5965	-1.4778	-3.1449	-2.4931
-1.2871	-1.0743	2.5963	-1.5203	-0.6200	-1.0190
-1.1905	-0.9725	2.8951	-1.4315	-1.1155	-0.7464
-0.9899	-0.7800	-0.5340	3.9295	-2.0653	-1.3665
-1.5703	-3.2503	-1.0862	-0.5849	2.3019	0.6998
-1.1638	-3.1092	-1.4430	-1.3317	3.2226	0.6735
-0.4701	2.7393	2.1450	-2.4892	-3.1761	-1.7935
0.7248	-0.8028	-1.4626	3.9902	-1.9938	-1.5410
-0.6554	0.1904	1.6466	-1.2346	-0.7592	-1.6051
-0.8845	-0.4287	4.0765	-1.8258	-2.3765	-1.2123
-0.5726	0.3219	5.3909	-2.4842	-3.4943	-1.3412
-0.8134	-0.9429	3.1267	-1.6843	-1.7135	-1.0479
-2.0940	-2.2233	5.3554	-2.0482	-1.4964	-2.2416
-2.1412	-4.0129	-0.2106	-1.9476	4.0048	0.5571
-1.9590	-3.3494	-0.3742	-1.9354	3.0793	0.7175
-0.4344	-2.0655	0.1030	-1.6084	2.2943	0.7790
-1.0516	-2.8483	4.4143	-0.1275	-0.9405	-2.4524
-1.4037	-2.2067	3.0499	0.6736	-0.9476	-1.9576
-1.2053	-2.3742	3.5391	-0.2429	-0.8683	-1.8718
-0.7231	1.0186	-0.1550	1.1906	-3.5096	-0.8392
-0.8203	1.1950	0.1993	0.6979	-3.7238	-0.4231
0.3853	-0.2628	1.5086	-1.5719	-0.3214	-1.7920
-1.1958	1.7362	0.0827	1.9022	-2.9229	0.0834
-1.1163	0.9905	0.1347	1.7083	-2.5229	0.5307
-0.7752	-1.5488	-2.1097	2.0377	-0.7567	-0.5711
-1.7592	-3.8409	1.7296	-1.3952	1.1702	-1.3351
-3.2762	-6.1094	-0.6649	-3.2106	6.1297	-0.1247
-1.4562	-2.7738	0.2312	-1.8240	2.5479	0.1205
-2.0666	-2.0757	-1.0156	-1.2678	3.8401	-0.1917
0.5497	1.7641	-0.6457	-0.2252	-2.3087	-1.0088
0.1681	1.1810	-0.9976	0.2741	-2.3250	-0.7912
5.0342	1.9348	-4.2041	-0.5085	-2.7397	-2.1651
-1.6994	-3.5372	-1.3493	7.0015	-2.2204	-3.5193
-1.4034	-0.2673	-4.2339	0.3726	2.3370	-2.4531
-0.2468	1.9327	-0.3095	0.2107	-1.7651	-2.7959
-1.0347	-3.1576	-0.6645	-2.3456	1.4483	4.0081
0.0647	-1.1062	-1.0042	4.6706	-1.9381	-2.6158
-1.5919	-0.7833	1.9127	-2.7515	0.0316	-1.1109
-0.3135	-2.7742	-0.5969	-0.8651	1.8536	1.5312
-1.0066	-1.1735	4.5286	-1.8204	-0.7129	-2.3547
-1.4210	-3.4948	0.0556	-2.9950	4.4854	-0.0330
-1.5590	-3.7736	-2.3686	-2.6316	4.6671	0.8907
-1.2282	-2.5285	-1.8006	-1.8973	2.8111	0.8282
-0.0932	2.0120	3.2325	-2.6370	-2.9551	-2.1137
-0.1472	-0.2460	-0.2761	-2.3236	-2.3082	4.2761
-1.0187	-1.3347	0.7902	-1.0898	-0.0315	0.3600
-1.4218	-2.2162	2.9171	-2.0811	0.0646	0.7037
-1.5960	-1.2875	2.6907	-3.1640	0.1616	-1.6291
-1.3728	-2.5269	4.1367	-1.5207	0.4661	-2.0587
-0.3091	0.6206	5.7078	-1.9748	-3.0558	-2.4662
-0.5457	1.2500	5.4079	-1.6089	-2.8049	-2.6082
-3.2064	-2.7849	3.7462	-2.1582	1.1510	-0.7930
-1.4836	-1.8580	1.6603	3.0420	-1.8847	-3.2744
-1.5912	-1.2903	-0.5750	3.4368	-0.4303	-1.6321
2.2079	-2.6487	-1.2759	-1.9259	1.1916	0.5275
-1.1331	-1.1026	-0.0037	4.3239	-1.0183	-2.5130
0.3381	2.8846	-0.1148	-1.0027	-1.8249	-1.8844
-0.6206	-2.2972	-1.1932	-1.1123	0.8455	2.3813
-0.2811	-2.1566	1.7738	-0.9298	-1.2883	0.9370
-0.1002	1.2397	-2.8860	-0.3533	-1.9790	0.5863
0.5699	-2.5172	-0.4308	-0.7732	-1.0388	2.2530
-1.5761	-2.6082	-0.2640	-1.4289	2.6221	0.4989
7.0065	-0.1179	0.3264	-2.1481	-3.3033	-2.1350
7.1768	0.7623	-0.4381	-2.3242	-4.0590	-2.7638
6.5509	0.7840	-0.4807	-2.1226	-3.7298	-2.9076
-0.9046	2.8234	-0.3537	0.2135	-1.6209	-1.7160
-1.1400	3.5910	-0.6931	0.1684	-1.9911	-2.0947
0.1579	6.3480	-1.0342	-0.5269	-3.6520	-2.6432
-0.3174	2.1219	-2.3703	-0.0085	-0.4855	-2.9540
-2.0271	4.1963	-1.6967	-0.5075	-1.7798	-1.9687
-1.4086	0.0089	-0.1668	-2.0793	-1.1826	3.8203
-6.6232	-10.5368	-1.1420	-5.8214	10.8557	0.2565
-1.5156	-2.3386	-0.1609	-1.3589	2.6615	0.1164
-0.1090	-1.2625	0.4971	-1.1087	0.0248	-0.4732
0.4991	5.7883	-1.3062	-1.6902	-3.0237	-1.1173
1.0405	5.0838	-1.3474	-1.2783	-2.6049	-1.4788
0.0233	-1.8072	-0.2396	-0.4974	-0.5298	1.8508
-0.5930	1.1241	-2.3463	1.3747	-0.9482	-1.2799
0.2410	0.7443	-2.1327	0.2192	-0.2956	-1.5589
-0.1831	0.7975	-3.0544	0.4239	-0.2874	-1.4974
-2.1238	-3.6153	5.5935	-2.6768	0.3350	-2.9671
-0.4932	-1.3997	-1.7863	5.7660	-2.3458	-0.8236
-2.4773	-3.0377	3.2321	-1.9481	1.0127	-0.3407
-0.2920	3.4871	0.3786	-1.1580	-2.1319	-1.2603
0.4915	3.6696	-3.4663	-0.2302	-1.2057	-0.7050
1.6308	3.7565	-3.5226	-0.1360	-1.5042	-1.7778
0.6152	3.7805	-2.7043	-0.1050	-1.3032	-1.0754
0.5672	2.6933	-2.5007	-0.1389	-0.7682	-1.5578
2.3394	2.9692	-3.7295	0.0012	-1.9717	-1.7221
0.6303	3.3496	-3.7824	-0.2348	0.3445	-1.5311
2.5477	-1.2387	0.0701	-0.9561	-0.2982	-2.1322
-0.4188	0.4537	-4.5197	-4.0712	-2.8985	7.1297
0.1164	-1.5211	-1.2833	-0.6692	0.5082	0.7375
-1.2541	-2.3702	2.2107	-0.2443	0.4009	-0.7054
-2.1969	-5.3756	5.2065	-1.1933	0.5753	-1.4777
-0.9757	-2.6104	-0.3410	-0.4309	2.6532	-0.3502
1.3713	2.2983	-1.8395	0.0060	-2.1267	-1.1944
-0.1730	6.7498	-2.5379	-1.5614	-3.4831	-3.4173
-0.1635	4.4110	-1.7809	-0.9936	-2.1208	-2.3610
-0.6140	1.8343	-0.8586	0.8921	-1.0150	-1.8852
-2.0192	-1.6288	-1.2450	3.8247	-1.2996	-0.3208
-2.8692	-2.3928	0.1873	-0.2188	2.9989	-1.9256
-1.6117	-1.9506	-0.0332	-1.0245	2.2394	-0.2628
-0.5913	-0.3340	-0.6496	0.0308	-0.1161	-1.2023
-1.8770	-1.1009	2.5982	-1.3412	-2.3582	1.3525
0.4802	4.5559	-1.1242	-0.2090	-2.3108	-4.0678
-0.4982	2.2814	-0.6582	1.6242	-1.4280	-2.5900
-1.0942	3.3019	-0.9571	0.6217	-1.6881	-3.7177
-0.8750	1.6183	0.0473	1.1929	-2.1079	0.1373
-1.1895	-1.5437	1.5598	-2.0068	0.8981	0.5865
0.0842	-0.6889	-0.5754	2.0093	-0.3404	-1.0476
-1.2265	-1.5171	4.9613	-2.5376	-1.4615	-1.0927
-0.1278	0.1721	4.5577	-2.4111	-3.2139	-1.0636
-2.5987	-4.5969	0.2339	-3.1631	5.1692	-0.1535
-0.0255	-1.0914	4.1247	-1.4932	-1.1441	-1.1178
-0.4555	0.2934	2.7310	-1.8308	-1.3747	-1.2370
-0.7445	-1.3390	4.0691	-2.2748	-0.8534	-0.5702
0.0100	1.8301	4.8432	-2.5459	-3.6341	-2.8767
-2.3345	3.5973	-1.2540	-1.8554	-0.7447	-1.0806
-2.0404	3.3382	-1.5355	-1.5151	-0.9177	-1.2075
-2.6240	4.2387	-1.7492	-1.9275	-0.9546	-1.4482
-0.4716	0.1120	-0.9454	-0.7059	0.9131	-0.3781
-0.7429	-0.5627	-1.3757	-1.5774	2.6112	0.4508
-1.1411	-2.0356	-1.4434	-1.9269	2.3122	0.7319
0.0551	-2.7131	-2.3092	-2.9734	-0.2436	4.3634
-0.4156	-2.9108	-1.1982	-2.4437	-0.0945	3.7877
0.3604	-1.1098	-0.6830	-0.2833	0.4633	0.6210
0.4780	-1.7849	-0.9798	-1.2156	-1.1357	2.3284
-0.9078	-3.3930	-1.8443	-0.1011	1.8053	2.2435
1.0875	-4.3173	-0.8933	-3.2537	3.2725	1.9853
-0.6381	-0.9743	2.3014	-3.3425	1.8445	-1.8691
3.2176	1.3651	0.2908	-1.5257	-3.0140	-2.1420
0.6151	-2.9223	0.0792	-2.1585	-3.6752	7.5887
0.6151	-2.9223	0.0792	-2.1585	-3.6752	7.5887
3.1961	1.5885	-2.6689	-1.6383	-2.4299	-0.4527
-0.0058	3.7410	-3.4703	1.3168	-2.2215	-1.7337
-0.1922	3.4368	-3.7408	2.4966	-2.4786	-1.9426
-0.5060	2.0381	-3.3542	1.8620	-2.1811	-1.7696
-0.9117	1.0618	-2.7855	1.7359	-1.4832	-1.3033
-0.4560	4.3048	-2.8662	0.7526	-1.6815	-2.4924
0.2267	4.7026	-0.8849	-0.5904	-1.9428	-1.8382
-0.6208	-0.6566	-1.7764	-1.8352	0.4428	3.3168
-0.3401	3.4150	-0.8140	-0.7462	-2.3362	-1.4494
1.1306	3.2738	-1.7261	-1.4521	-1.9739	-1.1466
-0.9671	-1.8231	3.2968	-1.9519	0.0250	-0.9927
-0.2081	-1.9462	0.0894	-1.6602	1.6997	0.1639
-1.2480	-2.7581	-0.2573	-1.7671	2.6302	0.1523
-3.5038	-5.9584	-1.2430	-3.6700	6.2667	0.3046
0.4613	-4.8995	-0.4515	-3.1446	2.3882	3.3044
-3.3518	-2.7404	0.3846	-2.0233	5.3045	-0.4375
-2.4554	-4.3484	7.6253	-3.3422	0.3972	-2.9743
-2.4035	-2.8696	-0.5476	-4.1849	-0.1190	4.8336
0.2183	-1.2607	2.5075	-2.0116	-1.1459	0.1148
-1.1063	-3.2544	0.4704	-1.7757	1.3850	1.0976
-0.9637	-2.3858	-0.1954	-0.6277	1.1698	-0.2201
-1.9287	-3.1874	2.2289	-0.6020	0.6345	0.1082
-0.4866	0.4184	-0.2529	-0.2212	-0.4984	-0.0742
-1.7045	-3.3271	-1.8365	-2.2567	3.7601	1.0936
-3.2446	-4.0689	5.4908	-1.6233	1.3490	-2.6953
-2.0144	-3.6290	-1.5184	-2.7956	3.7152	1.3170
-1.8519	-3.2949	8.6027	-2.9870	-3.2770	-0.2459
-1.6530	-3.0844	7.8246	-2.5757	-3.1742	-0.1609
-1.8688	-2.5212	-2.6498	-1.6505	4.9297	-2.6547
-0.0723	0.3511	-1.4205	2.6096	-1.3594	-1.4546
-0.3471	-1.9677	-2.1070	3.2767	0.2253	-3.1754
-2.0993	-2.8868	7.4561	-3.6080	-0.7734	-1.7998
-2.1030	-2.7535	7.5117	-3.8999	-0.7209	-1.7848
-1.2317	-2.4351	5.8268	-2.8726	-0.4630	-1.4363
-1.8844	-2.7614	7.0656	-3.3459	-0.7709	-1.5187
-1.8543	-1.3486	3.5020	-3.2185	0.0495	-0.1800
-1.4646	-1.9305	1.8506	-1.3139	-0.2435	0.4104
-2.7433	-3.0035	2.9969	-2.7893	0.7833	0.2938
-1.6537	-1.5955	1.4110	-1.4863	1.0261	0.2257
-0.9532	-1.8580	3.9406	-0.8501	-1.2551	0.2716
0.4784	-0.5157	2.7148	-3.0959	-1.0739	-1.1807
-0.3176	1.3027	-2.3806	-1.7943	-1.7592	2.0113
0.3124	-1.9031	1.7380	-1.6676	0.0632	-2.2449
-1.2993	-2.8211	2.7053	-1.9558	0.7795	-0.1181
-1.4771	-2.2788	1.7200	-0.4737	0.2318	0.0305
-0.4295	2.5439	-0.3951	0.6538	-1.2248	-2.6586
1.4124	1.3749	-1.7722	-1.5645	-1.7618	0.9633
1.1921	2.0190	-1.7701	0.4300	-2.4961	-1.5114
0.4727	-0.7591	-1.4448	-1.5062	0.7414	2.1606
-0.3071	-2.0726	-2.1999	-1.5448	1.4533	2.6606
0.1396	-1.0522	-1.2196	-1.6671	0.7911	2.2712
-1.7591	-2.6712	-0.1049	-2.9185	3.4375	1.1210
-0.4686	-2.6617	-2.0485	4.6910	-1.4712	-0.7041
-0.5759	-2.2993	4.2288	-0.4605	-0.9151	-2.2493
-1.8596	-1.4581	-1.4301	-1.1749	4.6132	-0.4545
-1.4399	-3.2186	-0.8852	-0.3002	3.0501	-0.7936
-0.6465	-1.3174	0.0996	-1.6997	0.1766	2.1821
1.8943	-3.9446	2.1263	-1.7477	0.4445	-1.7269
-1.4752	-2.4636	-0.3696	-1.8485	3.4029	0.2656
1.5350	0.5637	-3.0849	-1.0023	-1.4110	-0.4465
-1.5369	-0.6829	1.7359	-2.7142	0.8150	-2.4980
-0.8513	-2.6352	-0.1343	-1.8676	1.7810	1.5696
-1.8562	-3.2054	1.2497	-2.8975	1.5096	-0.2329
-0.8630	-2.7506	0.3006	-2.3337	2.5266	0.6475
-1.2958	-2.9908	-0.6822	-1.7744	3.7788	0.0077
2.9212	-0.1320	0.0979	-0.7858	-1.9514	-0.5073
-0.0008	-1.9747	-0.6496	-0.8619	2.4721	0.1827
-0.4161	-1.9465	-0.9694	2.4710	-1.4873	-1.2134
-0.5067	-0.3747	-1.8778	3.3547	-0.7613	-0.9119
0.2336	-0.7814	0.9261	-1.2007	-0.6254	-1.4364
-2.6921	-2.2581	2.9119	-1.6261	0.6576	-0.5504
-1.2450	2.1552	-0.6795	0.3699	-0.5945	-1.2377
1.4336	-2.4178	-1.4396	-1.0409	2.5444	-1.2357
0.0339	-2.0387	-1.7798	1.6624	-1.6096	1.4140
-2.3967	-4.0209	0.1741	-2.2297	4.1842	0.0481
-1.2640	-2.3902	-0.4726	-1.2825	2.6705	-0.0074
-0.9069	-4.7940	-2.3218	-3.9662	4.2787	2.2036
-0.5839	4.1999	-1.4640	0.2434	-1.9846	-2.2796
-1.0734	-3.2814	-1.5170	-1.9366	2.0468	2.1250
-1.7609	-3.8975	0.0810	0.1807	3.5351	-2.3638
-1.4797	-4.2630	0.0736	0.1556	3.7558	-2.6664
-0.9417	2.2742	-0.3174	1.2035	-0.8424	-1.1085
0.3886	-1.3261	-1.5923	-1.4506	-0.4865	3.3058
-0.3088	-2.4428	-1.6953	0.8030	1.6575	-1.2165
-0.1513	-1.3910	-1.3411	0.7419	0.7302	-1.7283
-0.7703	2.8864	0.7720	0.4665	-3.2845	-3.7429
0.0113	-2.0282	-2.0799	-2.8822	0.9030	3.8720
1.5282	1.7961	-0.0539	-0.9727	-1.8140	-2.6212
2.5591	-0.2364	-0.6070	-1.5244	-0.1710	-1.6399
-2.8000	-4.1044	6.1258	-2.0251	-1.2104	-2.3002
5.2060	0.9893	-3.5213	-1.0475	-2.3293	-1.6092
3.9445	1.3200	-3.3571	0.6415	-2.4525	-2.3218
-0.2890	3.2425	-1.4691	-0.5605	-1.5114	-1.4705
-2.1925	-4.0715	-0.7728	-2.3220	4.6198	-0.2642
-1.7383	-2.9553	-0.6036	-1.7046	3.4572	-0.0185
-0.2527	-1.0520	1.4288	-1.6510	0.4790	-0.4016
-2.5922	-4.6548	-1.1016	-2.2358	5.1131	-0.2672
1.7570	2.6135	-1.7265	-1.2874	-2.0132	-1.4433
0.3793	3.4127	-2.5817	0.1530	-1.9317	-1.2009
0.1361	-1.9139	0.2167	0.5364	-1.1833	-1.2239
0.1607	-1.8008	0.2257	0.3730	-1.3016	-1.4007
1.4871	1.2635	-1.5361	0.1899	-2.5494	-1.4212
1.5544	3.2001	-3.2519	-0.1320	-4.8152	-1.0903
0.0334	0.7398	-1.1528	0.4957	-1.7147	-0.0363
-0.5342	-0.6726	-1.3209	-1.3483	0.1242	2.8660
-0.0516	-1.0760	-0.8923	-1.9846	0.4102	-1.0654
3.6592	2.0586	0.1442	-1.6416	-2.9149	-1.9112
0.6212	0.3552	-2.8781	-2.7556	-1.4739	2.8486
1.4438	0.5918	-2.4149	0.0523	-1.3012	-0.3003
0.5097	-0.6025	0.5670	1.3449	-2.9588	-1.3214
-0.5790	3.6107	-2.5929	0.0281	-1.7370	-1.0217
-1.1430	3.5973	-2.4469	-0.0485	-1.7577	-0.4724
-1.1599	3.3439	-1.2625	0.3452	-1.3583	-1.6171
-1.4765	6.1140	-2.5599	0.0158	-4.6064	-2.5442
-3.0954	-0.2207	-1.0833	3.8763	-0.2051	-2.0584
-0.1108	-1.5660	1.1909	-1.3624	0.3185	-0.2297
-1.1473	4.8815	-2.1567	0.4959	-3.0225	-1.6528
-0.5772	2.7847	-0.4166	0.1670	-0.9441	-1.5973
1.2890	0.2132	-2.1533	-0.0689	-1.3192	-0.0290
0.4915	1.4598	-0.4506	-0.2006	-0.7757	-1.9378
-0.2001	3.0228	-1.3042	-1.0857	-2.3368	-0.7571
-1.8611	-0.7946	-1.6784	5.8501	-2.0293	-1.4812
-1.4336	-0.2396	-2.6624	2.9996	-1.6410	-1.3066
-1.0078	-3.2732	0.3014	-2.1930	3.5475	-0.1524
-1.5726	-4.0731	1.3297	-2.9375	3.8841	0.2008
0.8286	1.9717	0.0208	0.0699	-0.6476	-0.9297
-0.1227	-3.0975	0.9613	-1.5126	0.4256	0.6376
-1.3696	-2.6515	-0.6285	-2.1217	1.5083	1.6302
1.2134	3.4119	-2.8936	-2.0077	-2.6956	0.3692
0.1397	-3.4289	-1.5679	-1.5788	1.3370	3.2263
1.2519	6.1120	-1.8033	-1.4873	-2.6978	-2.8515
-1.9592	-3.2243	-0.9543	-0.4807	2.1929	1.5881
-1.0624	-2.8970	1.6723	-1.9608	2.5177	-0.2008
0.4586	4.2684	-1.0182	-1.0645	-2.6504	-2.5524
-0.8529	-1.7935	-0.4692	-2.0788	0.7764	1.7938
-0.2777	2.8455	-0.7519	0.0225	-1.5410	-1.2141
1.4792	0.9514	-0.6494	-0.6518	-1.6234	-1.5689
1.5246	0.9544	-0.8461	-0.5390	-1.7409	-1.5595
5.2640	1.4444	-0.1820	-1.9825	-3.9073	-3.2706
3.9528	0.4277	0.6678	-1.5168	-2.1683	-1.4643
-0.6259	-1.5766	-1.7036	2.2103	0.2303	-2.1380
-0.4636	3.3100	2.6271	-3.3917	-3.4738	-2.0240
-2.4386	-5.0248	-0.5465	-2.4785	4.9143	0.4466
-2.5177	-2.5173	3.7935	-1.5715	0.2427	-0.5073
-2.1583	-3.1819	-0.5882	-1.9169	3.3703	-0.0008
-0.5265	-3.0923	-0.0845	0.2017	-0.3127	1.4071
-1.9038	-2.3795	-0.8181	-3.2379	0.6398	3.7971
0.2175	0.5381	2.0325	-1.5990	-1.6676	-1.4534
-1.9970	-2.1357	-2.4117	3.7118	0.4288	-0.4735
0.3758	-0.8801	-1.7354	-1.3203	-1.4366	5.1795
0.2354	-0.9943	-1.6053	-1.5911	-1.0886	4.7787
0.3185	2.4752	-0.7919	-0.6912	-1.8113	-1.3382
-0.1553	2.6664	-0.8070	-0.3470	-1.7638	-1.4100
-1.0395	-2.2760	0.0896	-1.6038	2.3664	-0.8594
-2.7137	-4.9215	-0.9091	-2.1421	4.8432	0.0946
-0.7914	-2.7021	-1.6007	-2.1014	4.9510	-0.8072
-1.3624	-2.4118	-1.7800	-1.9883	5.5109	-0.7360
-0.6052	-1.5687	0.1516	2.3114	-1.9815	-0.5270
-0.1688	-0.2822	-1.1908	3.1698	-2.5588	-0.1110
-0.9260	-0.7405	-0.7767	4.4054	-2.7822	-1.0848
0.0219	-1.6398	-1.4246	-0.4181	-0.9072	1.8279
-1.4826	-4.4948	0.5010	-0.4675	2.4731	-0.2698
-1.5560	-4.5728	0.5509	-0.1321	2.4158	-0.4561
0.0281	-2.4556	5.9952	-2.2054	-2.6632	-2.4133
0.3140	-1.4520	3.4023	-1.0513	-1.2412	-1.1992
0.3299	-1.9268	-1.2119	-1.5631	2.9478	0.0621
-0.0327	0.9555	-4.2584	-3.2219	-2.4295	5.0019
-1.7147	-2.8396	-0.6298	-1.8547	3.7857	-0.4822
-0.5308	-1.7621	1.9630	-2.5759	1.1859	-2.7488
-0.9002	-0.7144	-0.7669	2.8249	-0.6733	-1.2907
-1.7227	-2.7586	-0.3578	-1.3453	2.7531	0.0964
1.1864	2.1604	-1.0624	-0.3266	-2.1578	-1.1508
0.6647	1.9472	-0.8039	-0.3543	-1.5741	-1.1181
1.6233	-1.1970	1.0359	-1.9814	-1.1768	-0.6275
1.0892	-1.4850	1.8070	-2.1630	-1.3676	-1.0971
-0.9548	-2.4369	-3.2708	-1.4802	2.5691	1.5181
0.6606	2.1381	-0.6489	-0.0895	-2.2951	-0.8418
-0.5307	1.8570	-0.6420	1.6962	-2.4642	-1.8565
-0.9441	0.7214	-0.7134	3.2678	-2.3589	-1.1986
3.2713	1.0446	-2.1793	-2.1597	-1.3869	-1.6060
-1.1816	3.3381	-1.9774	0.5217	0.3730	-2.2136
-1.1550	3.7569	-1.7656	0.0236	0.2835	-1.8164
-1.6440	0.1766	4.7361	-1.4674	-1.4627	-2.3532
-1.0581	-1.5086	4.5518	-0.0099	-2.2636	-1.2568
0.7025	-1.5336	-1.3979	-0.6792	0.7232	1.9413
0.8299	-2.2615	-1.9313	-0.7156	0.7645	2.6840
0.6506	-1.8066	-2.1137	0.7419	-1.8875	2.7992
-0.8879	-2.2815	-0.8832	-0.7075	2.8773	-0.6666
-2.0227	-2.6663	2.7913	0.8765	0.9117	-1.0850
-2.1577	1.3003	-0.6951	5.0450	-1.9434	-2.0279
-2.3835	-0.2889	-1.4455	4.5386	-1.0763	-1.5257
-0.2326	2.8656	-0.3830	-0.5647	-2.1969	0.1552
-3.0327	0.2878	3.5586	-2.1490	-1.0456	-1.1642
0.1065	-1.7715	3.9079	-1.0086	-2.2051	-1.7120
-0.4647	-2.5175	1.3272	-1.2268	-0.1178	0.7873
-2.9827	-1.4825	1.1037	-1.9881	3.3968	-0.6911
-0.9918	-2.3167	2.7605	-3.7057	-0.3632	0.4836
-0.6444	-2.4237	3.7331	-2.5254	-1.3079	-0.7650
-0.8640	-2.2777	-1.4523	5.5852	-2.3561	-0.7667
-1.8448	-0.6280	-0.9425	3.3779	-2.0973	-1.1980
0.6041	-2.2060	-3.1820	1.2756	-1.5900	3.6291
-0.2804	-1.4762	1.5791	-1.6012	1.5546	-2.2719
-0.6354	-1.3456	-0.5032	-1.5123	0.4050	0.9325
0.5347	-0.7692	1.6757	-2.4709	-0.5223	-2.4301
-1.7932	-1.9613	3.4760	-0.4803	-1.6853	-0.1825
2.9693	-0.8499	-1.2877	0.3920	-1.5570	-0.6118
-1.2776	-0.0348	-2.5475	5.4041	-0.4239	-3.2835
-1.0794	-2.1089	0.7486	-2.1097	1.3727	-0.1931
-0.7656	-1.9066	3.3863	-0.0973	-0.6612	-1.5134
4.3718	-0.6116	-3.2020	-1.0746	-1.3453	0.4159
4.0620	0.2752	-3.1715	-0.0052	-1.6090	-0.8579
-1.2785	-2.6530	-1.0566	-0.8704	1.6146	1.6877
-1.4209	-4.0539	-0.2748	-1.0501	2.1020	1.2249
-0.5369	-2.0508	-1.7926	2.2400	0.0803	-0.6361
-0.6501	1.7891	-1.6136	0.0002	0.5934	-2.4122
0.3053	-0.0885	2.4684	-1.9252	-1.6269	-0.7684
-0.8524	-1.7462	1.9728	-2.4911	-1.4097	3.5300
-1.0163	-1.7006	1.4305	-2.4150	-1.0536	4.1134
0.5600	3.3978	-2.0226	0.3204	-2.9498	-1.2740
-2.5184	-3.3565	-1.0843	-2.2399	3.5791	1.2569
0.4558	3.5034	-1.7304	0.2213	-2.9571	-1.6415
-1.5213	-3.9509	-1.3929	-1.7397	4.2692	-0.0975
-1.1468	-2.2936	-0.2934	-0.8116	2.3458	-0.0766
-0.7861	-2.1452	-0.0540	-2.2585	1.5673	0.0187
1.1070	-1.6590	-1.9850	-1.6484	-0.2877	3.1251
-1.4768	-2.5955	4.1370	-2.0697	0.4088	-1.4063
-1.8126	-3.3132	5.1181	-2.9436	0.6552	-1.6804
-4.0831	-4.8005	8.4320	-3.3937	-0.6380	-1.2122
0.7546	-1.5410	0.7592	-1.0964	0.0539	0.3454
-0.9264	-1.5276	5.4592	-0.5767	-3.0412	-1.1963
4.6510	-1.6027	-2.4121	-0.2452	-3.1112	2.4450
4.4948	-1.2368	-2.6654	0.5290	-3.0031	1.5842
-0.4206	0.2514	5.4874	-2.0657	-2.5637	-2.9693
0.9614	0.5354	3.1088	-1.7748	-2.4626	-1.8366
-0.2494	-2.9932	-1.9700	-0.9212	1.2026	2.5552
-2.0609	-3.8170	0.4978	-1.7645	3.7541	-0.9292
-1.5225	-2.3801	1.4159	-0.8688	2.1701	-1.4473
-0.1213	-1.8460	-1.8022	0.2653	-0.7264	3.2486
0.1742	-2.5980	-0.7646	-1.2201	2.9651	0.3098
0.1007	-2.9197	-0.8376	-2.6174	3.9367	-0.4267
-1.3549	-2.1521	-0.3178	-0.8012	0.9791	1.4238
-1.4197	-1.2085	-0.3672	2.7417	0.0157	-1.3245
0.1567	-1.9399	-0.7388	0.5316	0.5607	-0.5597
-1.1595	1.1310	-0.9464	2.6512	-2.1256	-1.9561
-1.2485	-1.8534	2.3372	-1.3694	-0.3567	-0.5697
-2.2164	-2.4782	4.4220	-1.4510	0.1284	-1.1991
-1.9407	-2.3067	5.4270	-3.2637	-0.4489	-0.2429
-0.5661	0.6018	-2.0618	-0.8963	2.6544	-3.4321
-1.8850	-2.7047	0.7925	-0.8702	2.0702	-0.1588
0.3836	-2.2067	-1.0278	-0.9057	0.5486	2.1566
0.5882	0.7034	-0.9048	0.7374	-1.4613	-0.8464
-0.9092	-0.8073	2.6812	-1.2957	-1.1579	-0.7025
-0.8787	-1.2480	-1.5789	5.3125	-1.6818	-2.0994
-0.4189	4.3063	-0.8932	-0.3514	-2.9634	-0.5745
-0.2545	-0.1964	-0.9661	4.7380	-2.2845	-2.0910
-1.5982	-2.4023	-0.6235	-2.8805	0.9309	2.4806
0.1406	-2.7197	-2.0261	-1.8027	2.5920	1.7546
-0.2411	-3.6488	-1.6786	-1.9389	2.7264	2.0932
0.1794	-2.4810	-0.3995	-1.8774	1.9805	0.8969
-1.0759	-1.9728	-2.0699	-3.6451	-1.8903	7.0496
0.3068	0.7066	-0.5565	1.0850	-3.0592	-0.8075
-0.7144	-2.4671	-0.1114	1.7233	2.0951	-3.4971
-0.2243	3.7117	-2.4341	-0.2893	-2.1117	-2.2308
3.1586	-1.5873	-1.3297	-1.6379	-0.7204	0.4475
1.7196	-0.3983	-1.6378	1.7624	-1.9034	-1.6185
0.1870	3.7978	-2.2866	-0.6579	-2.3036	-1.4274
0.4125	-1.1916	-1.9927	-1.7757	-1.6498	6.0820
0.6849	-0.8565	-1.3514	-1.3433	-0.7670	3.3035
-1.8867	-3.3973	-1.0733	-1.7946	4.0692	0.0498
-2.4862	-4.3345	-1.3427	-2.5780	5.5883	0.0399
-2.0936	-4.5549	-1.3755	-3.3786	6.4446	0.6517
-2.0845	-4.0775	-1.4705	-2.3527	4.7293	0.2038
-1.5103	-3.6348	-1.0983	-1.8924	4.0597	-0.0736
-0.1884	-1.2428	3.6665	-1.2781	-1.6105	-0.4889
-0.9999	-2.1078	0.6029	-1.2802	1.3102	0.6834
0.3395	-1.4697	2.7520	-1.2846	-1.5458	-0.5140
0.3150	-1.6754	4.9789	-2.7608	-2.3123	-1.2999
-0.2717	-2.2387	-1.4185	-0.8308	2.8299	0.1569
-2.0746	-1.6609	-0.4654	-1.5661	3.6005	0.3979
1.6941	0.5663	-2.7476	1.1889	-2.8444	-0.6210
-0.6401	-0.9154	-0.8446	-1.3004	-0.1635	2.2455
-0.1237	-2.9861	-0.9389	-1.0914	1.5953	1.9581
-1.3714	-1.2401	2.0867	-3.2182	1.0183	-3.0297
-0.7324	-1.0441	1.2454	-1.3801	0.4422	-0.0023
-0.7294	2.3104	-1.8912	0.4168	-1.6620	-2.1477
-1.4926	-1.4363	-1.8641	-1.5856	5.3053	-0.6965
0.3872	-2.0490	-0.8081	-1.3609	3.0434	-0.3396
0.3872	-2.0490	-0.8081	-1.3609	3.0434	-0.3396
0.3924	-0.9497	-0.1276	-1.2601	0.9797	-1.5072
-0.2859	-2.2195	-0.7960	4.3737	-1.1708	0.0240
-2.0933	-0.7812	-0.9675	0.2510	2.2961	-0.8783
0.5280	3.4558	-1.7246	0.0568	-2.9493	-2.3322
-2.7385	-3.5419	4.8072	-1.9068	-0.8826	-0.4101
-1.8660	-1.8979	9.0052	-3.0340	-2.8795	-3.9064
-0.5901	-3.0570	-0.1348	2.0698	2.3886	-3.2846
0.4466	2.8658	-2.5337	0.5739	-1.7769	-1.7268
-0.9027	3.2242	-0.5529	0.1086	-1.8327	-2.0206
0.2473	-0.5564	0.0418	-1.4364	-0.4382	-0.2271
-2.2790	-3.7720	1.7020	-1.4013	2.0089	0.0676
-0.7608	-2.6968	-0.2896	-1.5809	3.0326	-1.0249
-1.3845	-2.3645	-1.4143	0.7021	0.9579	0.3879
-0.2651	-1.6301	5.2330	-2.1031	-2.1976	-2.5604
0.5029	-0.9078	-2.3067	-2.3778	-0.5386	5.3600
1.0700	4.0425	-3.6781	-0.6846	-1.8994	-1.2412
-0.5729	-0.5837	-1.0710	2.6197	-0.8373	-1.1133
0.6190	-1.7576	-1.5062	-0.4918	0.3886	2.3468
1.3860	0.0724	0.3298	-0.6882	-2.4477	-0.4741
-0.3388	-1.6247	-2.0611	-1.8376	-0.2343	3.5122
-0.6277	-1.3269	4.6384	-0.5437	-2.2733	-0.8879
1.5709	-0.1850	-2.1297	0.7368	-2.0023	-2.2149
0.7088	-0.6574	-1.3702	1.4685	-1.0118	-1.9002
3.4641	1.5200	-1.2150	-2.4292	-2.0699	-1.2464
0.0263	-2.3873	-0.4662	-1.0529	-0.8606	2.8974
-1.1804	-1.9163	-0.4391	-1.0376	1.8682	0.5492
-0.3074	-2.0450	-0.6488	-1.3287	3.0551	0.6033
-0.8583	-2.7395	-0.7886	-1.0846	3.4054	0.9755
0.1900	-1.7158	3.3987	-1.5130	-1.4521	-1.8644
2.5563	1.3775	1.7647	-1.3516	-3.4039	-0.7441
-1.8478	-2.5609	5.1598	-3.5634	-0.2954	-0.7511
-2.7279	-3.1454	4.3401	-1.7756	0.1730	-0.6909
1.9731	-0.8695	-3.3436	-1.4600	-3.6118	4.4815
-0.5148	-1.9539	1.1792	-2.1822	0.2871	-0.3316
0.8326	2.3068	-2.0233	-0.9467	-1.4920	-0.5254
0.6671	2.3732	-1.7705	-0.8934	-1.6535	-0.6700
0.9951	2.6455	-2.7405	-1.0724	-2.0855	-0.1337
-2.1722	-2.6196	3.8329	-1.9130	1.2424	-1.5438
-1.0779	3.9611	-1.8240	0.6217	-2.5303	-1.4924
-2.3498	-2.8223	-0.0559	-2.3189	3.5852	-0.0130
-2.5961	-1.8552	-0.8490	-2.7310	3.5981	0.5930
-2.1849	-2.0044	-0.7391	-2.4099	3.5394	0.3355
-1.1174	1.8678	-1.9569	-0.2707	-0.5131	-1.5711
-0.1594	0.4275	-2.3489	-0.7514	-1.9048	2.2317
-0.2127	-2.6065	-0.9680	-1.2426	3.4583	0.6354
-0.2156	0.0941	-0.5978	-1.6677	-0.6883	0.2978
2.7531	0.6764	-2.5616	0.1294	-2.3060	-0.3012
0.3462	3.9661	-1.0040	-0.7768	-3.2560	-1.6711
-0.1953	-1.4386	-1.4814	0.7404	0.4802	0.0460
-2.3935	-2.4801	4.2974	-1.4579	0.2538	-0.6577
-0.1313	1.7329	-3.6057	-2.0970	-2.0068	2.1419
-0.9592	3.2174	-3.1119	-0.4437	-1.5880	0.3460
0.4417	2.1676	-1.9072	-1.2873	-1.3101	-0.0830
-0.7894	-1.6933	-0.4920	4.3177	-0.4032	-1.6955
-0.0117	-2.8012	-1.2075	5.4042	-0.9358	-1.8898
-0.9160	-2.7039	-1.2106	1.6945	-0.5702	-0.0139
2.4518	4.6344	-3.1819	-2.1911	-1.0511	-2.5384
-0.1529	-0.4283	3.2913	-0.5551	-1.3437	-0.9698
-2.6916	-3.3710	2.3559	-2.9129	2.4794	-0.4718
-0.4346	1.7662	4.2474	-2.0937	-3.1182	-1.8157
-1.1297	-2.4539	-0.8199	-1.1446	3.0722	0.5442
-0.1809	-2.2582	-2.2124	4.7010	-2.8359	-0.4494
-0.1892	-2.4237	-2.3737	5.2323	-2.9956	-0.7054
-1.5694	-2.9320	-1.5655	6.2077	-2.1566	-2.7031
-1.6198	-2.8974	-2.1143	6.8730	-2.5409	-2.8519
-1.6784	-0.2157	-1.5086	5.2678	-1.3264	-1.9541
-2.0636	0.2507	-1.7443	6.3686	-1.6560	-3.1384
-0.3415	-1.6167	-1.6706	-1.3619	1.5074	0.9884
0.1683	-0.8496	0.2688	-0.6621	1.3913	-1.2579
2.3674	0.6502	-1.5351	-0.6759	-2.0864	-0.7494
1.2467	3.7563	-2.8429	-0.0626	-3.1867	-2.8577
2.1918	1.1144	-1.5948	-1.0314	-1.9988	-0.1330
1.7303	1.9537	1.0200	-1.8355	-3.1625	-1.7393
-0.3225	-1.7254	-2.2754	4.5790	-1.8081	-1.5985
-0.6706	-1.2355	-0.2333	4.0130	-0.9963	-2.5700
-0.1907	-2.5926	-1.5955	-2.3632	-0.4375	3.9640
-2.8616	-5.8715	-0.6512	-3.0804	6.5679	-0.6353
1.9098	-2.0894	-1.7153	3.1317	-1.6046	-1.2239
2.1232	-1.7283	-1.5240	3.4686	-1.8652	-1.3001
2.1349	-1.3842	-1.6300	3.2474	-1.8385	-1.6008
2.1153	-1.0790	-4.1172	-0.9602	-2.2873	3.6520
-0.6660	1.7837	-1.1287	0.5268	-1.0563	-0.4651
-2.6097	-3.8748	-1.8687	-2.3420	5.0195	-0.1696
-1.3642	2.0351	0.4314	-0.5436	-1.7158	-3.6158
-0.4809	2.6346	-0.3520	-0.3092	-1.9095	-2.5985
0.7897	2.2033	-0.2810	-0.9687	-1.0904	-2.4331
1.0216	2.8466	-0.5358	-1.2634	-1.3759	-2.8381
0.3407	4.2848	-0.8347	-1.6408	-2.5561	-2.4475
1.3937	1.9664	-0.0497	-1.1941	-1.0170	-2.7095
1.2692	1.8582	-0.2054	-0.9802	-1.0067	-2.4317
1.1679	2.9378	-0.6953	-1.0882	-1.2874	-2.7273
1.6958	-0.1532	-0.5711	-3.8265	0.3417	-0.1162
2.1744	0.4104	-0.7872	-3.7289	0.1858	-0.3542
-0.5346	-0.1690	-0.6697	3.0939	-1.8277	-1.7365
-0.7485	2.4168	2.9620	-2.8288	-3.0719	-1.7599
0.0625	2.4922	3.0855	-2.6732	-3.2951	-2.3067
0.0303	-3.3794	-1.3133	-1.1229	1.3451	4.9172
-1.0568	-2.7098	-1.1482	-1.4944	2.7808	-0.0741
-0.7210	8.0008	-2.9287	-1.7241	-3.5636	-4.0089
0.5830	-0.9549	-1.4020	-2.0411	-0.1429	2.2270
3.3896	0.6519	-3.4410	0.9351	-2.1353	-0.1590
3.8707	0.5452	-3.9492	0.3032	-1.5689	-0.7867
-0.6007	-1.5589	2.7464	-1.5626	1.2823	-1.4503
1.0977	1.6411	0.1597	-1.0380	-2.4774	-1.0543
0.9789	1.7781	1.2935	-1.9682	-1.8716	-0.9155
-0.1826	-1.8060	-1.9772	-2.1937	0.2560	3.4363
-1.4992	-3.0001	0.1476	-1.5603	2.9167	0.1667
-0.1269	-4.9753	-0.0618	-1.8288	1.6234	0.9860
-2.2669	-2.9051	4.4673	-1.4407	0.3054	-1.3296
-0.5145	-3.6566	-1.3308	-2.3567	4.1748	-0.2417
0.4359	-0.6620	-0.1747	2.6861	-3.4036	-2.1988
0.3591	-5.0363	3.9034	-1.7248	0.3906	-1.6631
-0.3176	-3.7295	-0.7998	0.0677	-0.0461	3.0717
-1.3914	1.0241	-0.3694	-0.3970	-0.3664	-0.9010
0.7927	-3.4270	-3.1128	-0.8152	0.7459	5.1724
4.1030	-0.8900	-2.5698	-0.0751	-1.0135	-0.6926
5.0783	-0.1986	-4.1227	0.1306	-1.5549	-1.1214
-1.3435	2.4695	-0.7983	0.5564	-2.7706	-1.1738
-0.3157	2.6841	-1.7565	0.2046	-2.2124	-1.2000
-1.1156	2.8182	-2.2253	-1.0330	-2.5005	0.8850
0.2952	-1.4805	-2.6020	-2.7185	-1.7152	7.8866
0.2404	-0.7638	-1.6781	-1.6293	-1.0968	4.4090
-0.5030	-0.8526	-0.9067	-2.5022	-0.9421	4.6326
-0.6467	-0.1401	-1.6969	-0.8072	-1.1325	3.4359
0.4428	-1.2883	-1.2300	-1.2115	-1.0983	4.4525
0.5743	-1.5139	-1.5381	-1.4566	-1.2329	5.0945
0.5665	-1.4506	-1.4374	-1.4093	-1.1470	4.8172
4.4710	-0.9481	-3.3567	-1.1291	-1.4866	0.8969
0.3594	1.7567	4.5355	-2.3478	-3.4678	-2.4862
-1.2335	-2.3286	1.0735	-1.9893	2.0652	-0.1911
-1.0480	-2.1039	0.5496	-1.8529	2.0405	0.0592
1.6798	-1.6136	-2.2337	-0.3024	-2.2418	2.1804
-0.4558	2.6218	-0.1277	-2.2034	-0.8926	-2.0827
0.5711	2.2450	-1.2547	-0.1465	-1.8805	-1.9776
-0.1791	-0.0682	-1.6531	2.2587	-0.7735	-0.9301
1.0807	6.2757	-3.5250	-1.6204	-4.4356	-3.1811
1.0486	-2.3061	-2.1013	3.3238	-2.2310	-0.2226
2.3701	0.7963	-1.4438	-0.5881	-2.3262	-1.2245
-1.1047	-2.4106	4.3004	-2.1107	0.1929	-1.6516
0.2364	-2.8844	0.4262	-1.8802	1.4345	0.8360
-0.3497	-2.1736	1.8685	-1.8930	1.4524	0.0050
-1.6218	-2.6179	0.0830	-2.3070	2.7448	0.6801
0.5121	-4.4306	-1.7481	-0.9568	1.8613	1.7631
0.7674	1.1006	-1.6510	0.1053	-1.7101	-0.2852
1.0412	-4.4164	-1.9200	-1.6176	5.9452	-2.2430
-2.2592	-1.4754	-1.3452	-1.7431	4.2251	-0.2031
0.2877	4.9017	-0.1698	-0.7106	-2.9410	-1.9313
-0.1894	5.7157	-2.9459	-0.8295	-2.7185	-2.4231
-0.4116	-1.5212	-1.6882	-2.7197	-1.2496	4.1345
-0.0908	-3.3318	-0.4974	-1.2641	0.5382	4.1420
0.0499	2.4012	-1.5085	0.2518	-1.8789	-3.1773
0.7479	0.6778	-1.4082	0.7292	-1.5466	0.7442
1.7589	1.6427	-3.3903	-0.3205	-2.2054	0.4884
0.5580	-4.3698	-1.5855	-1.8403	5.9409	-2.1134
0.3317	0.1658	-1.3971	-0.7536	-0.1312	-0.2378
0.0826	-1.3561	-1.2008	-2.3102	-0.4269	4.1869
-0.1542	-1.5629	-0.2162	-1.6480	-0.6777	3.8998
1.6963	1.9283	3.1134	-3.4951	-3.1966	-2.4303
-0.3184	-0.8208	1.9164	-3.7672	2.1980	-2.1817
-2.7953	-2.0616	-0.3778	0.2467	3.0156	-2.0772
-0.2582	-2.2178	-0.7919	1.2352	-0.8883	-0.1463
-2.2548	-2.4727	1.4615	-2.3661	-0.0369	3.6616
-0.9876	-3.0397	-0.9106	1.4419	-0.6783	0.3793
-1.2549	-3.1045	-0.0703	-0.4210	1.4770	0.4072
-0.1587	-2.8189	0.5956	-1.0665	0.9501	0.5038
-0.1841	2.8692	-0.7752	0.2732	-2.8472	-2.0502
-0.9576	-4.6634	0.9329	-2.7104	4.3608	-0.1271
-1.2667	2.0314	-0.8141	0.9137	-2.1821	-1.4047
-0.8058	2.2354	-1.1537	0.6408	-2.6272	-1.6072
3.2384	1.3714	-1.0095	-1.9325	-2.1235	-0.8946
3.1205	1.0402	-0.7809	-1.1731	-1.7546	-1.4173
-2.9896	-1.3045	0.5567	-1.5225	3.3827	-0.5988
-1.7252	-3.8422	-0.0337	-1.8062	2.4438	0.7840
-1.1158	-2.7981	0.0101	0.5056	2.1578	-0.7213
-1.5103	-2.3765	4.0256	-0.5957	-1.4279	-1.7630
0.4633	7.2182	-3.3890	-1.6458	-3.7812	-4.0723
0.1608	3.9961	-2.0652	-0.3100	-2.2903	-2.5366
4.5316	3.2092	-6.5046	0.7373	-6.4603	-0.6502
1.4623	0.8204	-1.9481	0.4762	-1.7600	-1.0542
-0.9020	2.8743	-3.3134	1.2709	-2.5104	-0.8936
-0.2676	-0.9581	-1.1001	1.6944	-0.2721	-0.4754
-1.6474	-1.8515	1.6585	-1.6571	1.1808	1.0176
0.7365	1.8345	-2.4918	0.7624	-1.4012	-2.2744
0.2033	-2.5921	0.0164	-1.5208	1.0816	1.0628
-2.2385	-2.4797	0.1924	-1.9315	0.2173	1.9647
-1.5628	2.2925	0.5365	-0.3518	-3.5008	-1.1046
-1.6120	3.0270	-0.1168	-0.2118	-3.6451	-1.3222
-3.1001	-4.6191	-0.5677	-2.3471	4.6299	0.1049
-2.6407	-3.0843	-0.1839	-1.5830	3.2478	0.2249
0.1598	-0.5630	0.8722	-2.3590	1.1273	-2.0850
2.5490	-0.8567	-1.2042	-1.9434	0.4295	-1.1676
-0.8408	-1.9446	5.2033	-1.0610	-1.8673	-0.9964
-1.1693	1.6685	-1.7348	-0.3640	-0.3578	-1.7321
-0.7760	-2.5565	-0.3984	-2.1047	-0.0896	2.7030
2.5937	0.5777	-2.3679	2.6443	-2.3747	-1.8512
2.6221	0.3220	-1.4624	1.6443	-1.6532	-1.8518
-1.1458	0.1570	-2.8140	6.1642	-0.2456	-4.3884
-2.4621	-4.3646	0.2695	-3.2859	2.3444	1.5052
-0.7277	-2.0498	2.1828	-3.8486	0.0065	0.4875
-0.4681	-3.7826	-0.6246	-1.4586	2.2637	0.8658
4.1533	1.1299	-1.8627	-1.1971	-3.7296	-2.3092
-0.9891	3.0401	-1.1237	-0.1318	-1.6946	-1.5134
-0.3947	2.2603	-1.2317	-0.2093	-1.0199	-3.1078
-1.7317	-0.7978	3.5034	-2.0325	-1.2124	0.0463
-1.8609	-1.7766	6.5323	-2.7796	-2.6199	-0.9704
1.6283	1.7248	1.9938	-3.0627	-2.7298	-2.5769
1.1420	2.6546	0.8238	-2.2996	-2.7178	-2.2074
2.0717	-0.0366	-1.9900	-1.3006	-1.1525	0.2987
0.0149	-3.5456	-1.5305	4.2141	-1.5634	-1.2560
-0.7861	-2.1452	-0.0540	-2.2585	1.5673	0.0187
-1.7542	-3.8641	-0.3993	-3.3055	3.7373	0.6198
-2.0427	-2.3452	1.4000	2.5029	-0.2283	-1.1622
-0.3428	3.4781	-2.6709	0.0590	-1.6858	-1.4842
-0.3571	-2.0569	0.2008	-1.2123	1.9606	0.1686
-1.0374	-0.8097	-0.7301	0.2390	0.1149	-1.4454
-2.1677	-3.3748	0.1383	-2.6470	1.1305	1.6560
-1.4399	-2.9433	-2.7085	-0.0839	0.5165	1.5770
-1.4140	-2.6204	-1.6194	-1.8486	1.2181	2.6191
1.8814	-2.0872	-0.7371	-2.5969	-1.1041	2.6162
-0.0525	-3.2204	-0.4555	4.2546	-2.5721	-1.5297
-2.0261	-1.7749	-0.5723	-1.1261	3.2701	-0.5140
-0.9149	-2.7437	-1.0862	-1.9076	3.8533	0.5839
-0.9576	-3.7434	-0.8548	-1.0800	2.0816	0.9622
0.5388	1.4097	-0.4888	-0.3265	-1.8444	-1.2509
0.0019	3.7681	-1.6093	-0.6517	-2.6291	-2.3411
-0.5047	1.2261	-0.6311	-0.0340	-1.1163	0.0469
0.8850	3.1889	-3.1357	-0.0812	-0.7369	-1.2068
-1.5452	-3.0622	-0.4595	-1.8176	3.3467	-0.1984
0.2482	-2.4907	-0.6697	-2.3187	2.4379	1.3478
-1.1262	0.2721	-1.1864	4.1231	-1.7413	-3.4459
-0.7927	-2.6214	-2.3100	-3.1826	0.7759	5.0647
-0.6230	-1.8016	-1.6754	-2.2923	-0.5735	4.9298
3.2974	-2.9669	-2.3978	-3.2918	-0.9620	2.7332
-0.6256	-3.4251	-0.8775	-1.3127	2.3583	1.9296
0.8612	-1.7440	-1.9241	-1.0629	-0.3781	0.9641
-0.2649	-0.7159	-2.0067	-0.0208	-0.6267	0.0374
-1.4161	-1.0248	-0.5637	2.7698	-1.4624	-1.2393
-0.5510	-2.8362	-1.1556	4.0657	-1.6494	-1.3771
-1.5462	-1.9922	-0.3545	3.9964	-1.8265	-1.9829
-3.9143	-6.0426	-1.5064	-3.8380	7.0771	0.8331
-3.2691	-5.6924	-2.3235	-2.9875	7.1185	-0.5895
-4.0239	-5.7007	-1.5276	-3.6295	7.6397	-0.2864
-2.3586	-3.1375	-1.2659	-1.6954	4.4521	-0.0726
-2.1459	-3.6080	-0.2593	-2.2437	3.9560	-0.4367
5.1130	0.3493	-4.9239	-1.7387	-0.8734	0.7338
-1.4247	-1.4305	-1.2915	-1.2809	3.2662	0.7137
-1.2631	-2.4116	-0.3161	-1.1282	2.2623	-0.0678
-0.1597	3.0496	-1.9009	-1.2515	-1.5800	-0.3452
0.8244	-2.2280	-2.5621	-1.6505	1.4851	3.6703
0.4698	1.4744	-2.3482	1.0470	-2.7567	-1.1439
0.2751	1.3313	-1.9123	1.3134	-1.8021	-1.3354
-1.8761	-3.4236	0.2421	-1.8427	3.2726	-0.2308
-0.9569	-1.5007	-0.8111	-1.2569	3.3844	-0.9148
-1.6212	-2.8639	-1.2017	-1.5749	4.6098	-0.8660
-0.6430	-1.0906	-1.0408	-0.9295	3.0602	-1.0033
-2.2425	-4.3454	7.0502	-3.2785	0.3314	-2.0186
-2.4086	-2.3545	3.6506	-3.3541	0.3176	-0.1499
-0.0183	-2.7859	1.9828	-2.5631	-0.1178	1.4400
-0.3371	-0.2307	3.2440	-0.6792	-1.3732	-1.2319
-2.7765	-0.9894	-2.6534	5.1490	0.1509	-0.8852
-2.9398	-0.8664	-3.0352	5.8054	0.0719	-1.4384
-1.7911	-2.8373	0.2261	-2.5526	-0.4019	4.1228
-0.3804	-2.5006	0.3577	-2.2753	1.7434	0.7794
0.4206	3.4260	-1.1506	-0.9756	-2.2713	-1.8427
0.1272	-1.1382	-3.8282	-0.3638	-0.9940	3.8436
1.0772	-0.9270	-2.2535	0.8830	-0.5143	-0.8195
-0.3043	-1.2406	1.3038	-1.6101	-0.3449	-0.3986
-0.4495	-2.5681	-1.7924	2.6226	-0.4497	0.2426
-2.2993	-4.4322	-0.0693	-2.5510	5.1533	-0.2775
-1.6486	-1.6628	-0.3278	1.8108	0.1419	0.1241
-1.8281	-0.4351	-1.5931	5.2828	-1.6023	-1.7247
-1.7388	-1.3312	-0.5751	2.8647	-0.2574	-0.5000
-0.7132	-1.6338	-0.4695	-0.2155	2.1894	-0.4507
-1.6156	-1.8609	2.7118	-1.2285	0.7580	-1.3975
0.9357	1.0083	-2.3297	0.2821	-1.5294	-0.5507
-0.5488	3.3490	-0.9399	-2.5724	-0.0380	-2.1830
1.7995	5.3559	-1.5707	-1.9001	-2.6109	-4.2252
0.6814	3.5792	-1.7986	-1.4423	-0.5507	-2.2461
0.5550	-2.2794	-1.6218	-0.8095	0.5251	3.6571
1.4604	4.3223	-2.4472	-1.5282	-1.2554	-3.2568
3.3755	-0.6711	0.1270	-2.4007	-1.5037	-1.0503
1.4096	2.5729	-1.1805	-0.8264	-2.6299	-1.7669
2.3808	1.2835	0.9807	-0.8777	-2.9054	-0.3716
-1.1318	-2.2758	-2.5248	5.0895	-1.0668	-2.3995
-0.2309	-3.3512	-1.5856	7.2634	-2.5615	-0.4551
-0.5409	-0.0816	-0.0311	1.7955	-1.8227	-1.6795
1.5927	-2.9208	-0.9443	-1.2644	2.5723	-0.5717
-1.8090	-2.9013	3.5163	-2.7063	1.0551	-1.3433
-0.2578	-0.8633	-0.6516	-0.3737	0.6299	0.5103
1.4682	-2.1417	-2.8252	-0.7247	-0.2497	2.7347
-1.0759	-1.9728	-2.0699	-3.6451	-1.8903	7.0496
1.6301	0.9522	-2.0960	0.1995	-2.2181	-0.7018
-0.2493	-2.3803	-0.4098	-1.6013	0.0362	2.1419
-0.2257	-4.6338	-0.2612	0.3518	3.1851	-0.1176
-0.6045	-1.5593	-0.6138	3.3194	-1.3005	-1.9681
-0.5869	-2.6329	1.2700	-2.1205	2.1610	-0.6088
-2.1873	-2.4313	1.4425	-1.9484	-0.1278	1.0468
-1.9951	-1.7751	0.9501	-1.6657	-0.5390	1.5312
-2.7352	-3.1599	5.4445	-1.8540	0.0549	-0.8186
-0.4138	-3.4574	-0.4690	-0.4077	3.0857	-1.8173
-0.3994	-0.1090	0.1790	-1.8195	-1.5920	3.1580
4.4755	0.4846	-4.0486	-1.7854	-0.8401	-0.1473
0.7241	5.0523	-0.2443	-0.9085	-3.0021	-3.2539
1.3378	6.7457	0.0176	-1.4244	-4.6047	-4.2750
-1.8799	3.6730	-2.0206	-0.1288	-1.6054	-0.7421
-2.8589	-0.0509	-0.7233	2.8685	0.4595	-1.9495
-0.5399	3.6711	-0.6313	-0.6774	-2.4274	-2.7419
-0.4234	3.7520	-0.4994	-0.7819	-2.4251	-3.0283
-0.3761	3.5073	-1.0063	-0.3278	-2.2782	-3.5827
-0.8156	3.0641	-0.3371	-0.5416	-2.0463	-2.4570
1.3524	-4.4193	-2.4785	-1.8198	1.6277	3.1336
-0.0129	2.9822	-2.3324	-1.8950	-0.9189	-1.0498
0.1084	2.3372	-1.8614	-1.7942	-0.7986	-0.8240
0.6540	0.9548	-4.0659	0.1884	-2.9222	2.6254
1.2076	1.0521	-1.7812	0.4908	-2.8124	-2.1532
1.1453	4.7829	0.6636	-0.3065	-3.7732	-3.7980
1.0138	6.0598	0.5559	-0.7243	-4.1903	-4.3573
1.7858	-1.7148	0.3767	-0.8119	-0.4871	-1.6188
0.5127	-1.2383	1.1119	-1.1554	-0.8767	-0.9988
-0.0821	-1.4320	-1.2543	0.8082	-1.4936	2.3290
-0.9364	-1.4066	-2.3844	1.7330	-0.7650	0.8218
0.3118	2.9472	-0.7793	-0.6459	-1.7255	-1.9430
-0.8092	1.4297	-0.7401	3.1235	-3.0021	-1.7142
1.5097	-0.7673	-1.9193	0.9321	-2.7307	1.7828
1.3553	-0.4376	-2.3150	-0.1437	-2.0860	1.3903
-0.3589	-1.4219	-1.3109	0.8610	1.0219	-0.5671
-0.2657	-2.2497	-1.5798	5.2629	-1.6620	-1.5029
0.6193	-2.5856	-1.8434	3.9540	-1.9649	-1.1909
-0.5164	2.3038	-3.8022	0.9775	-0.0662	-3.7385
-0.2228	2.0949	-3.2503	1.0512	-0.3723	-2.9933
0.3053	-3.6869	-2.8477	-0.8641	2.6507	3.2135
-0.6894	3.6647	-1.0032	0.0277	-2.8620	-1.8337
-1.2278	-1.9030	-1.0655	-0.6219	2.6242	-0.6097
-0.3355	0.6854	0.1180	-0.1951	0.1589	-0.0315
-2.2302	-3.6982	5.2927	-2.4382	0.8098	-1.5467
-2.3599	-2.5613	4.2967	-1.5129	0.2461	-0.9568
-1.8437	-1.6861	0.8992	-1.7753	3.5374	-2.5056
-0.4053	-2.3454	-2.5782	3.8992	-0.9501	-0.4607
-1.8704	-3.2196	-0.4469	-1.8720	2.8440	0.0965
-2.2234	-3.3860	-0.5404	-1.8786	3.1149	0.0804
-1.9269	-3.3828	-0.6827	-2.1515	3.1864	0.2742
-2.5168	-4.8360	-0.2287	-2.7032	5.5430	-0.0790
-0.2238	-2.9649	1.1929	-1.5610	0.6774	0.1438
-0.5538	-0.4451	-0.9686	2.2736	-1.2738	-1.4330
-0.2821	0.3400	-1.3672	2.0824	-1.4812	-1.6401
-0.0949	0.4791	-1.2123	1.5974	-1.3053	-1.3216
-1.1169	-2.4213	3.7590	-0.4941	0.3642	-3.1632
-1.2490	-2.8443	3.4214	-0.8598	0.9631	-2.4436
-0.9743	-1.3326	-0.9101	-1.2428	0.5806	2.0994
-0.9051	-1.3729	-2.0147	-1.4779	4.1454	-0.4423
1.2652	1.6890	-3.1019	-0.5994	-3.3243	0.9992
3.0341	0.3453	-3.6253	-0.6065	-3.6561	0.6930
2.4972	0.4452	-3.2175	-0.5834	-3.8225	1.2130
2.4823	0.5163	-2.5032	-0.4054	-3.1154	0.5711
0.1800	-3.0046	-1.8067	-2.5030	4.3651	-0.8264
0.0789	-3.5642	-1.8553	-2.7540	4.4810	-0.1053
-0.0200	5.0041	-1.8202	-1.4784	-2.4827	-2.4995
-0.0600	2.4190	-1.9619	-0.9316	-1.6219	-0.9045
0.2053	2.1522	-1.4668	-0.2780	-2.1174	-0.7710
-0.7036	-2.4173	2.4317	-1.0935	0.8068	-1.2120
0.0532	5.1073	-2.0289	-0.9651	-2.9557	-1.2539
-1.3299	1.7125	-2.5132	3.5722	-2.5857	-2.9882
-1.8550	-3.2178	6.8422	-2.9549	-2.0271	-0.5171
-0.3309	-3.1081	-1.2070	-2.8829	-0.5707	5.5706
2.2121	-2.4068	-1.6100	-2.1262	1.2523	0.4106
-1.4903	-2.4557	0.1457	-1.4783	2.7460	-0.0512
-0.6346	-2.5122	0.3259	-2.5770	0.7842	3.1763
0.6492	-4.2506	-2.6764	1.4365	-2.3155	3.6949
-0.7312	1.6434	-0.8172	-0.9487	-0.9871	-0.6555
-4.6470	-6.1313	12.9617	-2.4950	-1.5971	-3.4311
-3.2647	-4.4834	8.2969	-1.7311	-1.1564	-2.2269
-1.0890	-2.2837	-1.5126	-1.4104	4.2442	0.1826
-0.5907	6.7301	-1.7745	-1.7365	-1.9803	-1.6513
-0.3314	8.1201	-2.2287	-2.0004	-2.5350	-2.6049
1.6202	6.9981	-2.0624	-2.1340	-3.0498	-4.7065
0.6494	5.1784	-1.7873	-1.2927	-2.0861	-2.6827
1.1542	2.4457	-1.4012	-0.1038	-2.0704	-1.7178
-1.4303	-3.6126	3.5253	-2.0959	-0.4152	1.1794
-0.9304	-0.5003	-1.9362	-1.5519	2.1195	-1.6478
1.6850	1.1134	-0.5055	-0.9266	-2.6158	-1.3902
-0.5445	-0.5148	-0.3518	-1.0491	-0.8051	2.0022
0.6856	-2.2432	-1.6353	5.1504	-1.3837	-3.9134
0.5419	-1.7783	-1.3124	3.4423	-0.5247	-2.4238
-1.2951	-0.9231	-0.4176	2.5461	-0.0920	-1.2977
-0.5300	-0.7768	-0.7154	-1.3104	-0.7912	2.5582
-1.5962	-3.7577	2.2612	-1.2586	0.4430	-1.6589
-1.2291	-1.8883	-0.3363	-0.5934	1.6028	-0.0998
1.4022	-3.2430	-0.1660	-1.0682	-0.6336	3.2683
-1.4082	3.1091	-0.8347	1.1042	-0.9806	-1.5693
-1.3474	-1.9421	-1.3617	-1.2966	0.3258	2.8543
-2.2967	-1.7606	0.1209	-2.1224	-0.5242	2.3413
-2.0211	-2.4356	-1.1693	-3.3537	1.9841	1.8691
-0.6749	-1.0151	-1.3549	4.6962	-2.2858	-2.4622
0.4721	0.5074	1.0412	-0.9970	-0.7808	-1.0582
-0.8321	-2.1801	-1.5597	0.6749	-0.9890	0.8757
-0.8463	-3.0650	-0.4881	-1.8802	0.1664	2.6746
-1.3670	-2.6479	-0.2118	-1.7195	-0.2836	2.7328
-1.5215	-2.6467	-0.2459	-1.8393	0.4617	2.7449
-1.9669	-3.1964	-0.2349	-1.8785	2.9774	0.3633
-1.9687	-2.4106	0.8656	-1.6078	2.3131	0.1474
-1.1711	-2.9652	4.7523	-2.1765	0.2034	-1.1580
0.1712	2.7810	-1.5235	1.1272	-2.4841	-1.6195
-0.5048	-0.1574	2.4451	-1.0404	-0.8145	-1.7351
1.7555	1.8526	-2.1316	0.6695	-1.8007	-1.7568
-1.2441	-1.7021	3.4026	-2.0593	0.0317	0.3526
-0.8951	-2.5362	3.3516	-2.0212	0.2213	-0.1360
-1.6061	-2.6012	4.6278	-2.8247	0.0157	0.3615
-0.8265	-2.4347	-2.5127	4.4188	-0.5891	-2.3275
2.9178	0.0977	-3.8309	-0.1694	-0.6845	-0.6178
2.1485	0.0494	-3.1170	-0.3582	-0.4906	-0.3274
-0.3122	-0.9890	-1.8084	3.6723	-0.7682	-2.0764
-0.5375	-1.8554	-0.3230	5.1157	-2.8747	-2.9414
-0.2032	-1.2199	0.6104	3.5914	-1.0898	-0.2201
5.2681	1.3891	-4.4245	-2.3437	-2.8230	-0.1853
-1.1221	-2.5550	1.6502	-1.8475	2.0745	-0.1924
-3.7440	-1.1048	5.4778	-2.4039	-0.8430	-0.3169
0.0671	-0.2225	-2.4835	0.3138	0.4859	-1.6964
-1.5283	-3.0132	5.2074	-2.6533	0.3594	-1.6165
-2.7925	-3.6187	5.3839	-2.5133	-0.1167	-0.6809
-1.3680	-2.8729	2.3164	-1.7158	0.6151	0.1235
0.0373	-3.0366	-1.0301	-1.1655	1.4433	1.8084
-0.1227	-3.9985	-1.7448	-1.7924	3.4622	1.5371
-0.0306	-5.4823	-1.6395	-1.9446	2.6893	3.2959
-0.9782	-0.8266	-0.1184	2.8199	-0.6734	-0.9987
0.0017	-3.8182	-0.0831	-2.9061	-3.7072	9.2383
-0.8699	-0.4993	2.2865	-0.4553	-1.5748	-1.6113
-0.8662	-1.6647	3.5741	-0.2259	-1.4284	-2.0065
4.3861	1.7971	-2.4904	-1.6340	-2.9337	-1.3752
0.3888	2.7389	-1.0059	0.0793	-2.4794	-1.4187
1.2917	1.0884	-1.0887	-0.0983	-1.3922	-1.4640
1.0114	4.1831	-2.4269	-0.8620	-1.2955	-1.9445
-2.0850	1.1608	6.5406	-2.0451	-3.0386	-3.3526
-0.6404	0.2514	2.2572	0.3044	-1.9755	-1.4876
-0.7882	-0.9208	-0.1685	-1.8718	2.6226	0.0831
-1.1213	-1.5225	-0.0221	-2.0077	2.9947	0.0979
0.2806	3.9910	-2.9554	0.7560	-3.3881	-1.9660
-0.6832	-1.7409	-1.5611	1.7842	0.3060	-0.0026
2.8439	-1.4034	-0.1033	-0.6290	-0.4459	-1.9810
0.8265	1.1858	-1.3353	-0.1583	-1.8675	-0.3324
-0.1929	-2.7637	-2.4845	5.3495	-1.3194	-1.2507
-1.9797	-2.9405	5.8781	-2.2683	-0.4445	-1.4897
-1.0385	0.3622	-1.0037	-0.3453	2.3862	-1.7404
-1.2881	-1.3294	-3.6837	2.7373	-0.7816	0.8505
2.8292	-1.7517	-2.5676	2.6439	-2.1893	-0.6583
-1.3389	-1.7702	-4.0533	3.2494	-1.1237	0.8868
0.2300	-0.9713	-1.7753	-1.9958	1.3748	2.6172
0.1141	-3.3505	-1.5744	5.7562	-1.2437	-1.9724
-0.9932	1.5925	-0.3376	-0.0259	-0.9214	-1.0273
-1.0378	0.2867	-1.6748	2.5360	-1.4883	-0.6832
-1.2164	-0.1198	-0.3889	-1.2434	0.1285	0.6607
-0.8067	-2.0342	-0.7203	-1.7112	1.1005	1.3772
0.3357	-1.9778	-3.5420	-0.5007	-0.6572	4.6211
-1.6997	-3.5648	0.5731	-2.8566	3.9953	-0.0677
-0.0203	-0.5980	-1.5125	-1.3725	2.1152	-2.1083
-0.2649	-2.2586	-1.1242	-2.3422	-0.0119	3.6611
-1.4905	-4.0546	-0.9763	-3.1322	1.9874	3.2865
-0.7321	-1.3993	0.1351	-1.2759	1.5354	0.4898
-2.2104	-3.3140	-0.4577	-1.8231	2.8769	0.0411
-1.2717	-2.8450	-1.1242	-2.2658	2.3340	-0.6370
-0.1341	1.8319	-1.6755	-1.2305	0.9652	-2.6646
1.2625	3.0540	-2.1723	0.2152	-2.3833	-2.2787
1.4321	4.4998	-3.7397	-0.3279	-2.7961	-2.2235
1.6668	3.9605	-3.0593	0.5010	-2.6672	-2.6763
-1.9852	-2.1043	4.3129	0.2413	-2.4600	-1.9045
-2.5778	-3.5236	5.9796	-0.6946	-2.3771	-2.3186
-0.0338	2.1957	-2.3982	3.7784	-2.7253	-3.4542
-0.6267	0.4136	-1.0456	1.1689	-1.2784	-1.5461
-0.7535	-2.0277	4.1653	-2.1328	-0.9833	-1.2031
0.0291	-0.7379	1.1283	-0.7118	0.9209	-1.3252
-0.4953	-0.9965	2.2901	-1.5119	1.0053	-1.7679
-0.2989	-1.1872	2.2080	-1.5994	0.8026	-1.9984
-0.8151	-0.6284	-2.9190	-2.2948	1.3296	3.4724
-0.3609	-2.0147	-1.1645	-0.9139	1.2234	0.6215
0.5895	0.6844	-4.1402	0.0548	-3.0180	3.2800
1.5501	5.2395	-2.1919	-1.3419	-3.4462	-3.3138
0.5544	2.5136	-0.8414	0.8572	-2.2797	-0.8842
0.8462	3.4269	-1.0088	-1.0533	-2.4743	-2.0940
0.9182	3.1775	-2.0279	0.2767	-2.6886	-2.4935
-1.1980	-0.8944	-3.1659	4.3985	-2.1587	-1.8382
-0.3927	-1.4691	-2.8381	3.0837	-1.4285	-0.2450
0.7700	-2.6891	-2.0709	3.6846	-1.9155	-0.2056
2.1810	-5.9510	-5.8336	8.9086	-4.7546	0.2473
0.1588	-2.2396	-0.1260	-0.4706	0.5643	-0.4312
-0.5377	-1.7126	-1.1465	-1.6111	0.2446	2.7153
-1.0263	-1.3838	-1.2971	-1.2795	-0.2078	3.1605
-0.1466	-0.7624	-0.3211	-1.5361	-1.7454	3.4834
-0.4276	-4.2954	-1.4581	-1.2642	2.2866	2.9472
-0.1715	-2.4156	-2.5949	4.7678	-0.9938	-0.9926
-0.7787	-0.8439	-1.5913	5.5306	-2.8215	-1.2362
0.7958	-1.1562	-0.9452	-1.6065	-0.9658	2.5684
-2.1075	-2.3922	5.2962	-0.5248	-2.5157	-1.0772
-0.0870	-1.4293	-1.4099	3.3791	-1.2107	-1.7060
1.9219	2.7596	-3.4001	-0.1009	-2.6537	-0.9358
-1.2320	5.1851	-1.8078	1.7021	-2.9794	-3.1109
-0.5909	-1.1339	-1.2334	4.5782	-2.0814	-3.3896
1.2833	-0.6083	-2.3754	-0.4904	-3.8005	4.0829
0.8181	-0.8387	-1.9446	-0.3788	-3.1316	4.1984
-1.2846	0.1159	0.1606	1.6041	-1.6709	-2.1430
0.2272	3.8698	-2.4704	0.0784	-2.2122	-1.6414
-0.4937	-1.4303	-1.2897	0.7515	0.9556	-1.7280
4.4124	0.0625	-0.1894	-0.5386	-3.1385	-3.1827
-1.2540	-1.1136	-0.6174	3.4976	-0.2165	-1.1936
-0.1260	-2.1221	-0.8265	-1.1175	2.4551	0.5978
-2.0993	-2.7423	-1.9445	-2.0201	6.0752	0.1419
-1.1273	-2.2131	-0.5957	-2.3119	4.0362	0.1290
-0.2951	-2.0539	4.1265	0.7561	-2.5996	-4.0864
2.5470	1.3472	-2.1275	-0.9591	-1.9279	-0.6152
-1.2598	-2.7352	0.1362	-1.4347	2.8667	-0.5915
0.1931	2.4718	-2.9967	-0.1093	-2.2565	-0.4333
-0.8430	-0.3312	-1.4754	-0.4463	-1.8441	3.1528
-0.2993	1.9721	-1.4878	-0.0184	-2.1771	-0.1019
0.0934	2.4941	-2.8581	-0.1797	-2.7704	0.2360
-0.6858	-2.8432	-0.6486	-2.7111	-0.5990	4.4092
0.7495	2.4655	-2.6588	0.3518	-1.6287	-1.8444
-1.3926	-1.9142	0.1313	-2.4130	-0.1350	3.1665
1.3952	4.2371	-2.6604	0.4581	-3.7330	-2.0130
1.0997	4.6657	-2.3182	0.4306	-3.9438	-1.9782
1.0803	5.6118	-2.3829	0.3333	-4.2051	-2.3494
7.6571	0.7069	-0.4177	-2.4891	-4.2084	-2.8869
-0.8820	-1.4398	0.3406	-1.7982	0.1483	0.5962
0.7213	-2.6620	-1.9705	-1.5100	1.1147	3.3429
0.7036	-1.6054	-0.6104	-0.9620	-0.4428	1.0106
-0.6643	2.0208	-0.7698	-1.0784	-1.0896	-0.8187
-1.0595	-2.3784	4.2062	-1.7810	-0.3399	-2.1208
0.7338	-1.5517	-2.5368	3.5413	-2.0610	-0.1527
1.0862	-0.6702	0.7002	-1.9650	-0.4555	-1.5005
1.3043	-0.6892	-0.9288	-1.6557	-0.7449	1.9828
-2.0798	-2.1732	-0.8175	-1.2511	3.4525	-0.6772
-1.9542	-2.4768	-0.1069	-1.8800	3.0162	0.6296
2.7492	1.1910	-2.4620	-1.6704	-2.2922	0.1453
0.5213	3.1763	-1.2772	-0.5709	-1.5381	-1.9649
-0.6161	-1.8770	-1.0092	-0.3312	-0.8372	2.3463
-1.0938	-2.5146	-0.3184	1.2702	-1.1431	0.7220
-1.1338	-2.1275	0.2025	-1.4481	0.5530	1.1633
-0.1979	-3.0241	-2.3880	5.9999	-1.0572	-3.9789
0.6259	-2.0370	-1.7697	4.3014	-0.5082	-3.3031
0.1897	4.6232	-1.0201	-0.8409	-3.5236	-2.0613
2.6284	10.3242	-3.9942	-2.6998	-7.4541	-5.5865
0.0903	5.3206	0.0342	-2.5514	-3.9812	-2.3871
1.4138	4.6575	-2.5304	-1.5847	-1.6616	-2.0937
0.5040	3.9987	-1.1278	-0.6087	-3.1608	-1.8098
-0.6641	-4.7977	-0.1642	0.2827	3.2278	-0.0481
-0.7930	-4.4438	0.1943	-0.5744	2.1558	0.2798
-1.4047	-2.0217	4.3942	-1.7236	-2.1043	-1.6207
-0.1637	-2.3096	-1.7743	-0.6402	1.7807	1.8118
-0.6116	1.7208	-1.1747	4.9064	-2.1230	-2.8916
6.7564	-4.9866	-2.5179	-0.1212	-4.3483	1.4763
-1.1677	-2.3583	-1.0691	4.8644	-1.6074	-3.3759
-1.0236	-2.2970	-0.8698	4.2311	-1.3094	-2.8784
0.5043	0.1531	-2.0169	4.9351	-3.2959	-2.3492
-0.8066	-1.8921	-1.0399	-1.1416	2.0945	0.5472
-2.2115	-1.0072	-0.2278	-3.3718	1.8728	1.1621
-2.2527	-1.3982	-0.2355	-3.8724	2.3556	1.0575
-0.2486	-2.8573	-1.1113	5.8280	-0.8468	-2.0601
-1.5253	-0.5199	-3.1462	4.3130	-1.0107	-2.3208
-0.3932	3.1640	-1.3788	0.3404	-1.2926	-1.7491
-0.8810	-1.7660	-1.1916	-2.0911	1.2179	3.4793
0.3780	4.6624	-3.9377	0.1006	-2.7128	-2.2831
0.3749	4.3237	-3.8296	0.0478	-1.7428	-2.9705
1.4839	-0.8625	-2.8747	-1.7539	-3.2595	4.8566
0.6207	1.0307	-1.8193	0.5706	-1.7328	-0.0490
-0.2042	2.1100	-2.9183	3.8441	-2.1274	-2.5734
-0.8735	0.5239	-1.4520	2.6324	-1.1068	-0.8081
-0.1836	-0.0185	-0.5606	-0.4020	0.1347	0.9533
0.4577	0.7670	-0.6930	0.4799	-1.1076	0.9547
-2.0456	-2.4110	8.3980	-2.9123	-2.3560	-3.3894
-1.6497	-1.9538	7.3939	-2.5809	-1.9962	-3.0512
-1.0517	0.2358	-1.0180	4.0355	-1.6694	-2.9740
1.1758	-2.6729	-2.1530	3.5237	-2.0918	0.6564
7.0228	-3.0462	-2.8676	1.2065	-3.1603	-0.7449
-1.2881	-1.3294	-3.6837	2.7373	-0.7816	0.8505
1.9873	0.1568	-3.2256	-0.4822	-1.9265	-0.6255
0.0098	-3.0346	2.6083	-1.5778	-0.1420	-0.9022
0.2670	-1.5186	-2.2791	-0.7134	-0.8832	3.9890
0.3448	1.5340	-0.3835	0.4376	-2.9324	-1.2079
0.2020	-2.0965	-1.6081	-1.4723	-0.0641	3.0114
-0.1982	1.8464	-0.5567	0.3714	-2.8235	-1.1658
0.8674	-3.1267	-2.8474	-2.2530	0.5627	5.0287
0.7682	4.5525	-3.3806	1.7394	-3.0793	-3.5284
1.1208	3.5247	-2.1652	0.8451	-2.5037	-2.7685
0.6799	3.2429	-2.6244	1.2973	-2.2496	-2.4340
-1.2125	-1.1193	1.7179	-1.8273	0.7461	0.3974
0.3668	-2.2049	-2.6628	0.5927	-1.5845	4.3298
1.8661	-1.2020	-2.4341	0.5849	-0.8789	-0.4299
-0.4135	-2.9769	-1.5341	-1.1023	2.9986	1.4888
4.0756	-2.2216	-2.5961	-0.1046	-1.5428	1.3879
-1.2419	-3.3171	-1.0332	1.9215	0.1592	0.3522
-1.3297	-3.9160	-1.8627	1.6530	0.5078	1.4871
-0.9533	-3.2681	-3.1070	6.5203	-2.0110	-1.2144
-1.4374	-0.8038	4.2866	-1.1930	-2.4091	-0.5178
0.3306	2.8671	-1.3955	-0.6539	-1.8054	-1.7746
0.9911	1.7220	1.2093	-2.1047	-2.0464	-1.8835
1.5727	1.8274	1.3272	-2.2043	-2.5847	-2.1912
3.9996	2.4156	1.3134	-2.5887	-5.0624	-3.6541
-0.6887	1.5818	0.2690	-0.5635	-0.9280	-1.5246
-0.6703	-0.4310	-1.9333	-1.8363	-1.7482	5.4759
2.2476	0.3037	3.1250	-2.3562	-2.8294	-1.8998
0.5046	-0.2515	-0.5985	2.1478	-2.2962	-2.1312
-1.2127	-3.7279	4.0930	-1.8354	-0.7755	-2.3260
-1.2935	-1.8083	-0.3529	-1.0532	2.1446	-0.3654
-0.9243	-2.9921	-1.5320	-0.1005	1.8247	1.6739
-0.3145	0.0553	-1.8467	0.6152	0.2278	-0.9879
-0.9146	-1.6749	0.6574	-1.6317	0.6879	1.3988
-1.8048	-2.4887	2.9617	-0.6603	-1.0830	0.1173
-0.0922	-3.4636	-0.8357	-1.2124	1.6095	2.2293
-0.9916	-0.8293	-1.3868	-1.1565	4.2314	-1.0727
-0.2797	0.4663	-1.9566	0.5053	-2.2663	-0.1654
-0.0420	0.3723	-2.0083	-0.1478	-2.0254	0.5570
-1.2533	-2.9993	1.8153	-2.2974	0.4922	0.0465
-1.7932	-1.6376	-2.5500	5.7642	-1.1034	-2.9457
2.8891	-0.3629	-2.9500	1.1622	-2.4457	-0.4130
0.1159	3.3731	-2.0541	0.2338	-2.2332	-2.2306
1.4516	-1.3279	-0.7929	-3.5923	-0.5865	3.0688
1.1147	-0.9080	-1.2939	-2.6922	-0.6263	2.8785
1.5945	-1.3108	-1.3786	-3.8786	-0.7152	3.6499
-1.1143	-2.4334	1.8783	-1.9395	0.1756	-0.3750
1.0659	-5.1314	-1.8773	-2.7798	5.1757	0.4722
1.5413	2.6024	-3.4048	0.8859	-3.4028	-1.7038
-0.3950	-2.3954	-1.6787	-0.4744	2.7049	0.8361
-0.5916	-2.9639	-2.0077	-0.5696	3.1034	0.9356
-1.3403	-2.1759	-1.1118	-1.0843	4.1390	0.2279
1.8649	-1.7231	2.8422	-1.4462	-1.5165	-0.3245
-0.0349	-1.5501	-0.8726	3.8968	-1.0344	-1.3616
-0.6196	-0.8864	-1.3746	4.5441	-1.4786	-1.4775
-0.0048	2.8881	-0.5348	0.4286	-2.2213	-2.4410
-1.6440	-2.6354	-0.7562	5.3687	-2.0648	-3.6875
-1.2418	-1.6321	0.8999	2.8643	-1.2333	-2.6952
-1.8629	-0.9142	-1.5077	5.7678	-2.0556	-1.7924
0.0971	-1.2605	-1.6405	3.9317	-1.3744	-1.7048
-1.3004	-2.8686	3.6959	-1.8668	0.9343	-1.5518
-0.6129	-1.2556	-2.9857	6.6509	-2.0578	-3.3661
2.4045	0.2724	-1.5725	-1.4022	-0.1998	-0.5477
-0.4887	-1.9828	-1.5260	4.3280	-0.8594	-3.4103
-1.1679	-0.3012	-2.4067	5.7447	-0.3681	-3.2473
0.6310	-1.2893	-1.8821	-2.7092	-0.7766	4.0304
0.4155	-2.4522	-1.4200	-1.1061	2.0013	0.9077
1.0296	1.6486	0.0364	-1.2933	-1.2787	-1.2355
-0.1571	-0.3568	2.4205	-0.6384	-1.6299	-0.1982
-0.1571	-0.3568	2.4205	-0.6384	-1.6299	-0.1982
-0.0509	0.1791	3.2080	-1.2625	-1.9134	-1.0678
2.3981	-0.5890	-2.1312	0.1968	-1.7326	1.0918
-0.7182	-1.5497	-0.7589	-1.3814	0.7445	3.0458
0.4808	-2.6938	-1.6408	-2.2193	4.0827	-1.1233
-1.5885	-2.5523	0.5868	-1.3321	2.6064	-0.8766
-1.0064	3.3957	-1.9160	-0.0281	-1.8872	-0.7699
1.0385	1.8059	-2.5131	-0.2699	-1.9662	-0.7233
-0.9510	-3.5009	-2.7161	-1.2775	2.9888	2.3133
-0.3568	-3.5232	0.1148	-2.4760	3.9051	0.5384
0.4380	-2.8440	-1.6883	3.6050	-2.2300	0.0014
-1.7276	-4.6150	6.1015	-2.8418	0.3430	-1.7420
-0.8833	-2.3883	-3.0098	-2.0883	3.3179	0.5796
-0.7025	-1.0246	-2.7986	-0.7300	1.6323	0.3502
-0.1138	3.0468	-1.9893	-1.1036	-2.2470	-0.3785
0.1522	2.6650	-1.7782	-0.8963	-1.4488	-0.4885
-2.4456	-4.0522	0.8429	-3.2359	2.4565	1.3177
-0.9859	-1.7082	-0.0002	2.4411	-1.1300	-0.8344
-0.6926	-1.4597	-0.2846	-0.8518	-0.7510	2.5334
0.6144	1.4816	-1.5705	-0.0400	-1.8021	-0.5428
2.8302	-1.3899	-2.7158	-0.7319	-2.2811	3.2285
0.9052	-1.1914	-4.3548	-1.1399	-2.9932	6.3739
-1.5575	-2.4821	-0.8507	-1.9421	3.4274	-0.0336
0.7659	-4.8707	-0.7609	-2.5734	4.7839	-1.3660
0.1890	-2.0157	-2.1859	4.7814	-2.0259	-1.0176
0.1890	-2.0157	-2.1859	4.7814	-2.0259	-1.0176
-1.9265	-0.7401	4.9565	-2.3865	-2.6683	-0.4744
0.1900	0.5955	-1.4229	1.7441	-1.8253	-1.5171
-0.2357	-2.1383	-0.1976	0.2883	-0.5084	1.3106
-2.5011	-2.6554	6.6143	-1.8688	0.0968	-3.7621
-1.7159	-2.4281	5.0326	-1.1723	-0.1729	-2.9303
4.5371	1.6583	-2.6921	0.2874	-2.4414	-2.7537
5.2382	0.5546	-1.9288	0.3357	-2.5398	-2.9854
1.2503	3.6645	-3.2588	0.0057	-1.7449	-1.0669
0.0090	-2.9098	-0.6617	-1.3681	3.0607	0.3553
0.1742	-2.5980	-0.7646	-1.2201	2.9651	0.3098
-1.4785	-1.8140	0.2403	-1.0610	0.9277	0.3715
-1.6931	-1.6616	-0.2625	1.6751	0.1744	-0.0392
-1.7728	-0.8592	-0.0436	-1.3722	-0.8359	1.9833
-0.3475	-1.3137	-0.9587	-1.4395	0.7745	1.9622
-0.1213	-3.0806	-0.4476	-0.5262	-0.3811	3.3314
-0.8949	-2.4989	-1.8126	-1.3298	3.2520	-0.5482
-0.1259	-1.7122	-1.7392	-1.0327	0.6479	2.2871
-1.6169	-4.6185	-2.7398	-2.9573	2.0192	4.1391
-1.5789	-1.9614	-0.5990	-1.0666	2.6605	-0.0634
-1.5040	3.2821	-2.1833	0.1600	-1.0791	-0.7408
0.8671	0.2324	-2.1639	3.5810	-2.9556	-1.7511
-1.5266	-2.5449	-0.2767	-1.2363	2.1390	0.0776
-1.8456	-2.6515	-0.2384	-1.2608	2.1433	0.0854
5.0272	-1.2203	0.3592	-0.3330	-2.8662	-3.1544
-3.1046	-0.8534	7.7100	-3.1960	-1.7561	-0.0061
-2.9328	-0.2279	6.7157	-2.5987	-1.4044	-0.1232
-0.0340	-3.9320	-2.6728	6.4532	-2.3384	-1.9928
0.0159	-3.6661	-3.6409	9.3688	-3.7017	-2.3380
-0.8588	-2.9658	-3.2833	7.3286	-2.4030	-1.6978
-1.6355	0.9806	4.2392	-1.3012	-1.8904	-2.7598
-0.5110	-0.7414	-0.2236	-0.5979	0.1343	0.1595
-1.3793	-1.4812	-0.5288	5.3420	-2.2639	-2.2195
-0.7876	1.0071	-2.2808	1.5009	-1.1866	-1.2333
2.8505	1.8478	-5.9305	-0.1743	-4.1080	2.2702
-1.0319	-1.8683	-0.3885	-0.5734	1.3300	-0.7890
4.2735	1.1203	0.3504	-1.2131	-3.8487	-1.2407
-1.5393	-1.0823	-1.2803	4.7153	-1.8261	-1.8457
-1.5933	-0.0194	-1.1957	3.8883	-2.1643	-2.0793
-1.2835	-0.3717	-1.2536	4.0208	-2.3428	-2.6472
-0.6472	0.5629	2.3292	-1.0417	-1.5510	-0.2452
0.0206	2.1040	3.4912	-2.5821	-3.4174	-1.4913
-1.6236	-3.1638	0.9403	-1.5305	1.7016	-0.4687
-1.8388	-3.4288	0.7681	-1.3865	1.9534	-0.3338
-0.8424	-2.7427	4.5156	-2.8380	-1.0747	-0.5269
0.8834	-1.4616	-1.2507	-0.4175	0.1176	2.2376
0.5805	-0.9379	-2.2386	3.2115	-2.0562	0.4425
-1.6292	-2.7883	3.2878	-3.0391	1.0571	-1.1671
-1.3803	-2.6933	-0.4894	-0.9319	2.5501	-0.2265
-0.0698	0.7518	-0.5843	-0.3980	-0.5825	-1.4121
2.3886	0.0232	-2.1676	0.9569	-2.4152	0.4997
1.7300	0.8034	-0.8262	-0.9598	-2.3592	-1.0253
-1.2486	-2.5683	-1.0494	-1.6613	3.3708	-0.3202
-1.8066	-1.2897	-0.6860	-0.0790	2.0123	-1.4691
-0.5038	-3.3624	-1.4149	-1.7006	3.2335	1.8646
-0.1464	-2.4809	-0.6546	-1.0520	2.1714	1.1790
-0.6358	-2.7335	-0.6904	-1.2498	2.2990	1.2366
-1.2742	-2.8629	0.5538	-2.8068	1.1918	1.6018
-0.1611	1.9306	-1.1897	-1.1052	-1.3743	-0.3276
-0.0110	-1.1813	-0.9573	-1.2445	-0.0355	2.3837
0.2234	-1.5088	-1.4879	3.9941	0.0644	-2.0089
0.3766	-2.9797	-2.8986	-2.8609	4.3754	0.1184
-1.7082	-2.0930	-0.9704	6.1953	-2.0837	-3.4582
-0.8057	-1.6327	-0.2436	-0.1130	0.7664	-0.1964
3.2176	1.3651	0.2908	-1.5257	-3.0140	-2.1420
-0.0811	-1.1200	2.4401	-0.6071	-1.2419	-1.1064
-0.1126	-1.7470	-1.7184	4.1530	-1.6687	-1.7315
-0.6326	-2.1259	-0.9570	-1.5764	-1.1607	5.1789
0.5568	-2.3667	-2.1818	2.8779	-1.5116	0.7357
-1.5393	-3.2332	-0.8844	-0.8534	2.9834	-0.1590
-1.2068	-3.0724	-0.8235	0.0165	2.6364	-0.7403
-1.4965	-1.3569	-1.3880	3.5065	-0.0959	-1.1476
-0.1467	1.7106	-1.4580	0.6003	-1.1218	-2.0246
-1.3901	-1.2085	-0.6767	-1.2103	2.8029	-0.3670
-1.0675	-2.9530	-0.9859	6.4614	-2.9574	-3.6900
1.2492	3.4879	-1.0062	-1.3013	-2.1450	-1.3777
-1.5928	-2.9980	-1.9436	-1.1191	1.6278	2.7942
1.9653	-0.3153	-1.4407	-0.1306	-1.0451	0.3597
4.4135	0.2318	-3.1800	-0.2433	-3.2510	1.1536
-0.7239	-2.3191	-1.9157	-1.6233	2.3030	1.9337
0.8151	-0.2445	0.5568	-0.6613	-0.4124	-0.4925
-0.2731	-0.8340	-1.2139	-1.6862	3.3106	0.2545
-1.7019	-2.9964	5.0204	-1.6739	-0.1079	-2.8235
-0.5255	0.2095	-2.1650	3.9724	0.0889	-2.9502
-1.2521	-2.1655	4.7266	-0.8240	-0.7414	-3.0588
4.7988	0.7313	0.6531	-1.1712	-3.9046	-1.1183
3.5682	-2.7147	-2.8395	1.7753	-1.7396	-0.3485
-0.8303	3.3159	-0.6197	-0.0605	-1.9955	-2.1364
0.4590	-2.3654	-1.4259	2.9470	-1.5330	0.1058
-0.8750	-1.1794	-0.5902	-1.5404	0.4813	2.3099
0.4726	-1.4010	-1.0793	-0.4584	0.3401	2.1474
0.5014	-1.8466	-1.7746	4.7231	-0.2875	-2.4159
1.1327	-1.7879	-0.7786	3.6664	-1.3519	-1.7206
-0.8439	2.3945	-0.8481	0.3004	-1.6489	-2.5447
-0.5430	-1.8221	-0.2901	-2.0668	1.2764	1.8626
0.0303	-3.3794	-1.3133	-1.1229	1.3451	4.9172
-0.4709	4.5516	-1.8699	-0.2553	-3.4903	-2.4786
-2.0114	-2.9597	-0.6643	-0.8260	2.3004	0.7472
-0.7811	3.8399	-1.4996	0.3392	-2.4214	-1.9835
-0.1297	2.7035	-1.9016	1.0725	-2.2059	-1.6703
0.3904	-1.5257	-3.9676	0.9876	-1.0054	2.3823
-0.3903	-3.4989	-1.2703	-2.0997	2.7528	1.0474
-4.2314	-3.1318	5.6842	-2.4726	0.3017	-0.6631
-2.2117	-2.3588	1.1311	-2.6510	0.1561	3.7245
1.4028	6.1233	-1.1733	-1.3922	-2.7741	-1.5944
1.5605	6.0854	-1.4935	-1.5472	-3.3070	-1.8348
1.1981	5.7354	-1.0904	-1.7123	-3.0242	-1.0457
0.9233	4.0643	-0.4538	-0.5818	-1.6087	-1.0830
1.1377	5.3714	0.0822	-1.5254	-3.6221	-3.0077
0.0659	-0.4621	-1.7297	3.3542	-0.8786	-2.3294
0.2635	-0.7975	-2.1867	3.7506	-1.1343	-2.4177
0.2249	-0.9390	-3.2440	1.3265	0.3224	-0.6969
0.5578	-1.6532	-4.1884	3.5632	-1.2168	-1.4817
-1.0982	2.0452	0.2541	0.6872	-1.9981	-3.1919
-1.8183	2.0311	0.8477	0.8996	-2.0513	-3.8753
-0.3687	4.1820	-1.8196	-0.0600	-2.3927	-2.1656
0.0133	-4.1265	-0.9317	-2.3652	4.5995	-1.4443
-0.4694	-0.7788	1.8013	-2.1650	0.0170	-2.4119
0.7873	-2.2528	-1.8868	3.3039	-1.9497	-0.0382
1.3216	1.6873	-2.0257	-1.7113	-1.7426	0.8158
-1.3526	-0.9685	3.4639	-1.8771	0.6228	-1.2417
2.6540	1.0530	-3.0876	0.1935	-2.5022	-0.3846
3.8672	0.6041	-3.7940	0.0036	-3.1931	0.6813
-1.0292	-2.6643	4.2919	-1.5349	-0.1934	-0.3488
1.4418	1.0249	-1.6844	0.0932	-2.2091	-1.0306
-1.0018	5.2842	0.5148	-1.0072	-3.0712	-2.1601
-1.3870	-2.6160	3.2335	-1.7509	0.3378	1.7583
0.8696	-1.1852	-0.8730	2.2051	-1.1147	1.4822
-1.3873	-1.7691	-0.2938	-2.1783	2.0245	0.6731
-1.2400	-1.4159	-0.5003	-1.9435	1.6499	0.9116
0.1200	-2.2753	-1.7873	3.8582	-1.1358	-0.0566
0.5182	0.2243	2.9518	-2.3949	-2.6593	-1.7518
2.6221	0.3220	-1.4624	1.6443	-1.6532	-1.8518
1.1377	-3.1906	-0.7694	-1.7803	2.4348	-0.6404
-1.0587	-0.7653	-0.8167	0.3283	0.5042	-1.2371
-0.7771	-2.2321	2.4818	-1.8134	0.2541	-1.0864
0.5476	3.4397	-0.0497	-0.8926	-2.5161	-2.4519
1.5104	2.5468	-2.0268	-0.5642	-2.7002	-0.8453
6.1865	-0.1111	0.0448	-2.1228	-3.0948	-1.3880
-1.7406	-3.8425	0.5351	-2.2610	3.8118	-0.0710
-0.0892	3.8923	-2.6307	-0.7477	-1.8968	-1.5556
-1.2947	3.0660	2.7403	-2.4446	-2.2546	-1.5501
-0.4219	2.8098	-0.2882	-0.7745	-2.0072	-1.7808
-0.0772	-2.6840	0.4198	-2.2580	1.1705	1.5106
-0.8958	-1.1330	-2.8949	-3.7119	-2.4181	7.3784
-0.2711	-1.0506	-0.4349	2.4126	-1.6378	-1.3327
-0.3047	0.5805	0.8745	-1.1877	-0.8835	-2.3546
0.1954	1.2737	-0.6248	-1.1278	-1.0647	-1.5379
-0.2284	0.1369	1.1516	-1.1757	-1.0079	-2.0970
0.9745	0.1260	-0.0757	-1.4348	-0.4720	0.8988
-0.2207	-0.3000	-1.1713	-0.4493	2.3169	-2.5398
4.7215	-1.2809	-2.6703	-2.7340	-2.1336	1.1977
4.0075	-1.1732	-2.1782	-2.9130	-1.6341	1.0883
3.5708	-0.7187	-2.1492	-1.1515	-1.8861	0.6601
3.5923	-1.5549	-2.2747	-3.1918	-1.1415	1.4009
0.4018	3.0172	-2.2137	-0.1173	-2.5794	-0.8535
0.8762	2.3647	-2.1942	0.4513	-2.2592	-1.4693
3.0159	1.5472	-1.5984	-1.0981	-2.1573	-1.7965
-0.2808	-2.8276	-1.4506	-0.2933	-0.0728	2.7238
1.0452	-0.9619	-1.7958	0.5841	-1.8081	1.4622
1.2652	0.5236	-3.5982	-0.6783	-4.4756	3.3998
-0.3071	0.5422	-1.9986	-0.8099	2.7497	-0.7402
1.4469	-1.0639	-3.3707	-3.4983	-1.1012	7.1177
0.4314	0.0906	2.9671	-3.1668	-1.3816	-1.9050
-3.9630	-4.7862	6.7165	-2.8901	0.9355	-1.6324
-1.0443	-1.8955	-1.3897	-1.3400	3.3741	-1.5451
-0.9878	-1.7303	1.8999	-1.1823	-0.5665	-0.4470
-0.7169	-1.3271	1.0026	-0.8215	-0.2133	-0.9057
-1.5889	1.4796	-0.2834	2.1286	-3.0076	-2.9723
-0.0808	-0.8302	2.1594	-1.4155	-0.3480	-1.0476
1.3311	-0.7568	-2.1991	-2.4426	-0.9863	4.5806
-1.6885	3.3444	-0.6578	-0.7334	-1.2668	-1.2281
-0.6414	-0.2172	1.5403	-1.8652	-0.2349	-2.4591
-0.1064	4.1389	-1.1911	-0.7588	-2.3684	-1.4913
-2.1593	-0.7991	-2.0081	4.4559	-0.4402	-0.9911
-0.7498	-2.8227	-0.4305	-0.8749	2.3069	1.7876
-0.7817	-1.9945	-0.0609	-0.9231	2.3223	-0.0991
0.4763	0.2146	-4.8782	-3.9505	-2.1035	4.8578
2.1916	0.7505	1.5141	-1.8075	-2.3864	-0.7168
-1.0075	6.6370	-3.1650	-0.5762	-3.9142	-2.2376
-0.1071	5.3166	-1.7923	-1.4363	-3.4383	-2.7048
-0.2274	4.4195	-0.4768	-1.1978	-1.6176	-2.6257
-0.0172	4.9951	-0.2144	-1.6062	-2.5064	-2.9202
0.3856	3.1825	-0.4213	-1.5169	-2.1155	-1.4613
0.4781	3.3174	-0.6812	-1.7583	-2.0729	-1.3880
-0.5812	3.0313	2.3984	-3.0966	-3.1427	-1.6040
-0.5125	6.9627	-2.2592	-0.7101	-4.7461	-4.6461
0.2101	-1.2976	0.2914	-0.7529	-0.3706	0.3487
0.6700	-3.5054	-1.7750	4.0439	-1.9709	0.0976
-0.8901	-4.3254	-1.6971	0.1951	1.4827	2.2471
0.1342	-2.9280	-1.5090	2.6726	-0.9394	0.4402
0.2169	-3.6298	-0.7058	3.7453	-2.0124	-0.1467
-2.3418	-3.7600	-0.2081	-2.1748	4.8803	-0.0633
-0.5864	2.7614	-0.8660	-0.2600	-1.2719	-1.9094
-1.0360	2.4121	0.1804	-1.3689	-2.5970	-1.0488
-0.7304	3.3798	-0.4544	-1.5060	-3.1411	-1.2184
0.6740	-3.4557	-1.0555	-1.1230	3.0935	0.2046
-1.3689	-1.6305	-0.1425	-2.9880	2.6238	0.6127
-1.9911	-2.8156	3.9003	-2.0329	0.6163	-1.9526
0.8159	-3.1205	-2.5327	3.8527	-1.5010	0.3943
-0.3364	-0.3218	-2.3823	-2.4557	0.2101	2.9357
0.1311	-1.1570	-2.1189	-0.2444	-0.8794	3.3315
-0.7691	-2.6542	-1.6470	-0.7546	1.1509	2.3219
-0.0116	2.6882	-1.1041	-0.6801	-2.4326	-1.1111
-0.2330	3.3287	-1.1102	-0.3658	-2.3566	-2.1156
0.3871	2.7547	-1.5253	-0.6951	-2.1917	-1.1407
-1.6373	-0.1915	-4.2788	1.3135	1.7085	-2.3933
-1.6999	-3.6021	-0.0001	-1.9310	4.2334	-0.3990
-2.3035	-4.4741	-0.0946	-2.5176	5.2436	-0.2803
-2.2803	-4.3973	0.0346	-2.4635	5.1261	-0.2944
-1.7608	-3.2986	5.0038	-1.2820	-0.5805	-0.9004
-1.4600	-3.0050	3.8297	-1.6395	0.1120	0.3815
-0.4058	2.6089	-1.0136	0.3474	-1.6559	-2.0065
-0.4038	4.3083	-1.8702	-0.9821	-1.6541	-2.7144
-1.9734	-5.3996	-0.5238	-2.7743	5.0511	-0.1260
-1.7896	-3.5951	-2.0239	-3.0331	6.0004	-0.6039
0.4614	-4.4648	-1.0636	-3.1814	2.3230	3.1969
-0.5386	-2.6645	-0.2680	-1.7634	1.5615	0.8793
-2.1400	-3.3962	9.8264	-3.3319	-3.6953	-0.3565
-3.5069	-4.0672	9.5030	-1.6737	-0.8211	-2.6197
-0.0312	-3.1175	0.8461	-2.2340	2.4492	-0.4974
-1.6530	-3.0844	7.8246	-2.5757	-3.1742	-0.1609
-2.1068	-3.7877	5.8922	-2.6674	0.4609	-1.9295
-2.1914	-3.1838	8.9674	-3.3109	-3.1680	-0.1772
0.1548	-2.2760	-1.0939	0.2169	-1.3563	2.7181
-1.0299	-3.1207	0.0143	-2.1155	3.9845	-0.3802
-0.5244	-2.3034	-1.5599	-1.0031	-1.4288	5.9718
-0.7361	-1.6630	-0.9932	-1.3979	-1.1798	5.8835
0.4620	-2.4420	-1.7031	-1.9286	1.7567	2.1699
0.4493	-2.8701	-1.8598	-2.1782	2.0595	2.5472
-1.2828	-1.7910	0.2547	-2.9601	2.5432	1.5381
0.6853	-3.9403	-3.2683	5.6019	-2.4035	0.2690
0.2809	4.6875	-0.8730	-0.7831	-2.6812	-3.4085
1.9845	1.8280	-1.8287	-0.6827	-3.2573	-1.5305
