0.0178	1.1645	-0.1123	0.1171	-0.6042	-0.0728
0.0918	-0.3576	-0.4518	-0.1472	0.6090	0.7368
-0.5673	-0.3933	-0.5208	0.4647	2.7717	-0.1460
-0.4235	-0.3730	-0.3517	0.4225	2.3743	-0.1341
0.1930	-0.5795	2.5297	-0.1291	-0.4311	-0.5481
-0.2214	-0.1809	-0.4929	-0.8733	-0.4775	2.8185
-0.2417	-0.1501	2.1150	0.3407	-0.5054	-0.4213
-0.2500	-0.1653	0.2932	-0.1726	0.7568	0.6020
-0.2246	-0.3925	0.1757	0.1455	0.7413	0.4594
-0.2449	0.3485	-0.1599	1.1044	0.1911	-0.0860
0.8316	-0.2299	0.5144	-0.2904	-0.9264	0.1203
-0.3198	0.0081	-0.0302	-0.7515	-0.3143	1.4754
0.3148	-0.1474	-0.2157	0.0085	0.0794	0.2322
0.2310	-0.8222	-0.7896	-0.2234	0.6488	1.4755
2.8412	0.2276	-1.5272	-0.5440	-1.9419	0.7079
-0.2007	0.3167	1.1828	-0.0079	-0.5271	-0.0784
-0.3313	1.6091	-0.7012	0.3114	-0.4000	0.2134
-0.4679	-0.3062	0.4704	0.0793	1.2238	0.1198
-0.3219	-0.1702	-0.5012	-0.3725	0.1795	1.7374
1.4204	-0.2898	0.2822	-0.2108	-0.9730	-0.3037
0.5480	-0.1636	-0.5069	-0.4336	-0.4537	0.8301
-0.3515	-0.3929	2.0829	0.1744	0.1452	-0.0494
-0.0121	-0.0477	-0.0680	-0.1741	0.0519	0.9670
-0.5200	-0.1579	-0.0190	1.8509	0.0185	0.0009
-0.3938	1.0177	-0.5536	1.2175	-0.7113	-0.2944
-0.8586	-0.2319	-0.1282	0.2769	1.8898	-0.1088
-0.4758	0.0843	0.5353	-0.3648	0.0785	0.6595
-0.5336	2.0719	-0.8409	-0.1622	-0.7485	0.3532
-0.1521	0.1391	1.5132	0.0704	-0.5207	0.3802
-0.1933	-0.2084	-0.5070	-0.7037	-0.1444	1.6036
-0.1005	-0.4310	2.7949	0.3100	-0.9448	-0.0942
-0.1216	-0.5352	-0.6144	-0.2267	0.3944	1.2033
-0.0995	-0.0838	1.7268	0.3158	-0.8400	0.1580
-0.3168	-0.4246	1.7419	0.2199	-0.2753	-0.0215
-0.4438	-0.6133	-0.5796	0.2183	2.2252	0.2533
-0.1163	0.1285	1.3652	0.0166	-0.4693	0.3600
-0.5345	-0.3807	2.7222	-0.1319	-0.0710	-0.0528
-0.1853	-0.8369	0.0657	3.2842	-0.3599	-0.6697
-0.3586	-0.5287	3.3339	-0.0512	-0.6669	-0.1630
0.1404	-0.3401	2.6829	0.1065	-1.1019	-0.1625
-0.2908	0.4498	0.3178	-0.3386	-0.7818	0.5583
-0.1138	-0.2111	-0.5207	-0.1690	-0.3361	1.6156
-0.4194	-0.5628	0.6767	-0.0066	1.4689	0.0294
-0.0191	-0.5256	0.1320	1.1605	-0.2192	0.1859
0.4268	-0.0990	-0.6864	-0.2929	-0.4913	1.1546
0.0558	0.2512	-0.3745	-0.4047	-0.0956	0.9347
0.0280	-0.2508	-1.0553	-0.8236	-0.6069	2.5050
-0.6648	0.4197	-0.8295	0.4591	1.2254	-0.1640
0.5962	-0.2287	0.3876	-0.5207	-0.9947	0.6828
-0.3166	-0.2514	0.0424	0.0905	1.0124	0.2162
-0.0421	-0.3892	-0.4353	-0.3247	0.0386	1.3035
-0.2820	0.8186	0.0364	0.0815	-0.5765	-0.0808
-0.1228	0.1779	1.8983	-0.2433	-0.7072	0.1765
0.0231	0.9846	-0.8976	0.0245	-0.8510	0.9321
-0.1963	-0.3538	1.4476	0.0502	0.0731	-0.1254
-0.3008	-0.8419	-0.9845	-0.4178	0.3843	1.5648
-0.2236	-0.1703	-0.4425	-0.8630	-0.5355	2.7809
-0.0270	1.1313	-0.4422	-0.1209	-0.6959	0.1304
-0.4375	-0.0456	2.0751	-0.0763	-0.7004	0.0733
-0.2534	1.1112	-0.7450	0.0628	-0.5498	0.2979
-0.3086	1.2987	-0.6116	0.3153	-0.2981	0.1851
0.3828	-0.4401	-0.3646	0.5467	-0.1541	0.4465
-0.2458	-0.2877	-0.2955	0.0558	0.8820	0.4540
-0.9839	-0.4633	-0.3379	0.2757	3.1959	-0.0051
0.0296	0.0990	0.2546	0.0416	0.1114	0.1607
0.0296	0.0170	-0.3942	0.8415	-0.4189	0.2246
-0.0274	-0.0423	0.4571	-0.1224	0.2110	0.0778
-0.3723	-0.4016	-0.0746	0.6511	0.0888	0.3897
-0.2930	-0.2404	-0.1155	0.5097	-0.1392	0.3099
0.2377	0.0218	-0.0789	-0.1557	-0.2761	0.6612
-0.4075	0.0391	-0.2968	0.8330	0.0429	0.2851
-0.5552	-0.4879	0.0555	0.0106	2.6549	0.3101
-0.5393	0.2202	0.8786	-0.2718	0.3269	0.2232
-0.2223	1.8340	-0.8312	-0.3115	-0.5886	0.4287
0.3330	-0.0085	-1.4136	0.2613	-0.9132	1.9682
-0.1496	-0.3560	1.8078	0.1503	-0.1709	-0.0574
-0.7226	0.2612	1.3602	-0.1816	0.6342	-0.0053
1.2219	0.6150	-1.0715	0.1778	-1.2138	0.1349
-0.2604	-0.3385	1.4752	0.1864	0.1564	-0.1970
-0.0440	-0.2474	-0.5737	-0.6715	-0.6769	2.3899
-0.8618	-0.5076	0.0597	0.1798	3.1181	-0.1632
-0.1816	-0.0046	0.3841	-0.2793	-0.0946	0.5461
0.3072	-0.6498	-1.0956	1.8594	-1.1124	0.5805
-0.0401	-0.9275	-0.7893	0.2793	1.3337	1.1824
-0.5125	-0.3354	-0.2667	0.0148	1.8400	-0.0468
-0.0825	-0.9391	-0.8656	0.1916	2.1423	0.9377
-0.5474	-0.4433	-0.3580	-0.0267	2.0455	0.2283
-0.0137	-0.2120	1.6538	0.3608	-0.9202	0.0797
0.1286	-0.4755	2.2715	0.4777	-1.2520	0.1214
-0.4761	-0.2565	-0.0626	-0.2131	0.8180	0.7081
-0.0834	-0.2120	-0.7752	-1.1406	-0.9962	3.4069
-0.1286	-0.2848	-1.0936	-0.7390	-0.9639	2.9405
-0.0858	-0.4087	2.4296	0.0663	-0.7247	-0.1943
0.0217	0.1692	0.5896	0.2185	0.1118	-0.3062
-0.2169	0.4476	0.0579	0.3493	-0.2066	-0.1584
-0.1988	-0.0578	1.8324	-0.1615	-0.3937	0.0149
1.1193	0.1088	-0.4260	-0.2804	-0.8875	0.2913
-0.3433	-0.4779	3.4446	0.1846	-0.5557	-0.5126
-0.7708	-0.5370	-0.3917	0.2302	3.0803	-0.0212
1.4642	-0.4181	-0.5261	-0.1386	-0.5610	0.1326
0.2263	0.1498	1.5153	-0.3930	-1.3669	-0.4182
1.4983	-0.4078	-0.4013	-0.2099	-0.7883	0.1684
-0.2572	-0.3327	1.4866	0.1854	0.1498	-0.2014
-0.1085	-0.5809	1.9479	0.0871	-0.0058	-0.1222
-0.0044	1.7507	-0.7577	-0.2102	-0.8438	0.3452
-0.2558	-0.4454	2.6568	0.4931	-0.8641	-0.3188
2.3256	0.4709	-1.4710	-0.4767	-1.7972	0.7850
0.0824	-0.3922	-0.7875	0.1818	-0.2777	0.8967
-0.2233	-0.2512	-0.2745	2.0770	-0.1537	-0.4033
-0.5425	-0.5722	-0.4559	0.0095	2.7963	0.2995
0.6480	-0.1009	-1.4486	0.2240	-1.0184	1.9989
-0.1214	1.1015	-0.3301	-0.0541	-0.4280	0.2105
0.0465	-0.2566	-0.7556	0.6669	-0.3635	0.7216
0.3483	0.7962	-0.4578	0.0931	-0.7354	0.2127
-0.3975	2.6064	-1.2066	-0.1698	-1.4333	0.1420
-0.2048	-0.3283	-0.1233	1.9419	-0.1253	-0.3075
-0.1895	-0.3009	-0.4937	2.0812	-0.1358	-0.2231
0.4528	-0.1093	0.9221	-0.1777	-0.3933	-0.1613
-0.2081	0.4454	-0.2135	0.6260	0.4296	-0.2706
0.7037	0.7300	-0.3516	0.2528	-0.8578	0.1799
0.0448	0.9617	-0.5205	-0.2072	-0.3493	0.1256
-0.6539	-0.2313	2.6181	0.0581	-0.0277	-0.2153
0.1603	-0.4520	-1.1861	0.5103	-0.9925	1.9095
-0.4017	-0.3153	2.6765	0.1986	-1.1057	-0.3104
0.1356	0.1487	0.7463	-0.1806	0.2697	-0.1151
0.8642	0.5759	-0.2151	-0.2062	-0.8542	0.0226
0.6750	-0.2118	-1.1993	0.3715	-0.6688	0.4762
-0.1877	1.5002	-0.9776	-0.1159	-0.5571	0.4352
0.1400	-0.3767	0.7799	0.0521	-0.0867	0.1130
-0.3386	-0.2335	2.4502	-0.2227	-0.3381	0.0889
0.4313	-0.3783	1.0146	0.1890	0.2872	-0.0342
-0.5772	0.2592	1.1066	0.4170	0.3478	-0.2090
-0.1280	-0.4468	2.9647	0.1722	-1.0261	-0.1001
-0.0167	1.0126	-0.3401	-0.2639	-0.6231	0.1461
-0.0462	1.1415	-0.9978	0.4652	-0.5879	-0.0947
-0.2638	-0.5322	1.8990	0.1919	0.1482	-0.0054
0.7246	-0.4821	0.0032	-0.1731	0.6169	0.1455
-0.0146	-0.0124	-0.4087	-0.2626	0.0485	0.9977
-0.0571	0.1241	-0.2824	0.3188	0.6478	0.0047
-0.5389	-0.3270	0.1099	0.0701	1.9096	-0.1125
2.4764	-1.1396	-0.5222	0.3923	-1.3758	0.1401
-0.7084	-0.3052	0.4991	0.3578	1.1851	0.1163
-0.0593	0.9470	-0.3776	0.0431	-0.4923	0.0418
-0.3197	0.2249	-0.0543	0.2399	0.8037	-0.0974
-0.8589	-0.3966	-0.1925	0.2940	2.9180	0.0790
0.2300	0.8248	-0.6031	0.1914	-0.7264	-0.1481
-0.3245	-0.1147	-0.5166	0.0243	0.8088	0.5847
-0.4494	-0.1016	1.9065	-0.1446	0.0832	-0.0268
0.0964	-0.4745	-0.4417	1.7640	-0.3903	0.0652
0.0558	0.2512	-0.3745	-0.4047	-0.0956	0.9347
0.7676	0.5029	-0.3533	-0.4378	-0.9567	0.2844
-0.8184	-0.5092	0.0762	0.1874	3.1183	-0.1598
-0.0114	-0.3695	-0.6018	0.3807	-0.3045	0.9614
-0.4322	-0.5096	2.0960	0.3621	-0.2526	-0.1219
1.1355	-0.8468	0.3547	-0.2773	-0.6158	0.4060
-0.0616	-0.8194	-0.5514	-0.1503	0.3018	1.8844
-0.1701	-0.3854	2.9156	0.7565	-1.0165	-0.3360
-0.7485	-0.3366	-0.0833	0.2710	2.3358	-0.0551
0.0448	1.3665	-0.4567	-0.1647	-0.8607	0.0584
0.3663	0.2071	-0.1396	-0.3037	-0.0765	0.1712
-0.5795	-0.4077	0.9362	-0.0352	0.5103	0.1973
-0.4810	-0.3575	1.4601	-0.1394	0.7835	-0.0930
-0.3623	-0.4206	-0.6416	0.4232	0.5597	0.8310
0.3037	-0.3994	-0.5405	0.6782	-0.2641	0.6430
-0.6972	0.1166	0.0702	0.4583	0.4757	0.0204
-0.3234	1.0909	-0.2291	0.2912	-0.5139	-0.1692
-0.1341	-0.1647	-0.6078	-0.5218	0.4233	1.1532
-0.2695	-0.4865	2.7545	-0.0651	-0.5717	-0.0676
0.7127	0.1256	-0.6785	0.0308	-0.9321	0.5310
-0.0035	-0.1861	1.9787	0.2519	-0.6890	-0.3149
0.1034	0.2525	-0.1513	0.8686	-0.2959	-0.0304
0.3664	-0.4767	-0.9429	-0.5212	-0.2072	1.9224
0.2645	-0.1644	-0.7102	-0.0778	-0.3552	1.2617
-0.1779	-0.0810	1.7505	-0.0942	-0.1363	-0.0751
-0.0198	1.7413	-1.2143	0.1526	-0.9019	0.0644
2.7351	0.4493	-1.6308	-0.5419	-2.0521	0.8362
-0.3711	2.0749	-0.7952	0.1259	-0.5239	0.2842
-0.1667	-0.0964	1.6461	0.1877	-0.3575	0.0678
-0.1121	-0.6884	-0.5975	-0.2468	1.9133	0.6602
0.2084	-0.3099	1.3912	0.2177	0.1080	-0.0831
-0.3149	-0.0455	3.3607	-0.1876	-1.0442	0.0945
-0.6193	-0.4660	0.0265	0.1259	2.8183	-0.1700
0.6965	-0.4991	-0.4189	0.9102	-0.1014	-0.0649
0.8745	0.5829	-0.1612	-0.4903	-1.0720	0.2286
2.1443	-0.7546	-0.3874	-0.4575	-1.0944	0.0625
0.4513	-0.4208	-0.3562	0.6404	-0.1673	0.2921
-0.6501	-0.5955	-0.0506	0.0233	2.9023	0.3598
-0.3593	-0.4072	2.3238	-0.0955	-0.1460	-0.1258
-0.2476	1.6356	-0.8633	-0.2615	-0.6826	0.0992
0.2519	1.9037	-0.8714	-0.2793	-0.8080	0.3391
1.0036	0.4960	-0.5364	0.1957	-0.9326	0.1604
-0.2650	-0.0735	-0.6618	0.1710	0.7944	0.2713
1.5033	0.0868	-0.8663	0.2277	-1.2964	0.4177
1.4232	0.5027	-0.7319	-0.3063	-1.0140	0.1912
-0.2280	1.1087	-0.7658	0.0618	-0.5281	0.2955
-0.7041	0.1125	0.0726	0.4636	0.4997	0.0146
0.1447	0.3983	-0.2616	0.8639	-0.5394	0.0391
1.0636	0.3617	-0.3622	0.0359	-0.9216	0.2000
0.6062	0.6378	-1.1311	-0.3220	-1.1353	1.1401
-0.5874	-0.3992	-0.2957	0.3932	2.0252	-0.0880
-0.2274	-0.6956	3.2330	0.1451	-0.7605	-0.2454
0.3917	-0.4644	-0.8424	1.1598	-0.5998	0.2848
-0.9139	-0.2120	1.6583	-0.1354	0.7054	-0.1149
1.3880	0.1236	-0.7373	0.0913	-1.1349	0.3322
0.2872	-0.5858	-0.6950	-0.1720	0.3233	1.0705
-0.2337	0.1965	0.8425	-0.0043	0.2567	-0.1281
1.6805	-0.9271	-0.5240	-0.0446	-1.1137	0.8281
-0.5504	-0.6217	-0.4315	-0.0267	2.6312	0.5589
0.9281	-0.6666	1.6335	-0.3567	-0.1106	-0.4984
-0.5695	-0.3497	2.1524	-0.1571	0.1106	0.2304
0.1821	0.4385	-0.3684	0.4022	-0.4506	0.1030
0.1451	-0.4850	3.2950	-0.1436	-1.2406	-0.1296
0.1708	0.9930	-0.4231	-0.0906	-0.7144	-0.0528
-0.2106	-0.0452	-0.2844	2.2834	-0.1850	-0.4197
-0.4769	-0.3339	0.2004	0.4738	1.4077	-0.2423
0.5761	0.7730	-0.7886	-0.2928	-0.8064	0.5655
-0.4291	1.2680	-0.3744	-0.0072	-0.5660	0.0557
-0.0276	-0.0974	1.1774	0.1460	-0.1902	-0.1229
-0.6774	-0.2325	-0.2978	0.3190	2.2419	-0.0984
0.8608	0.6244	-0.3982	-0.4812	-1.0990	0.3256
-0.4331	-0.1377	0.1450	-0.2731	1.5175	0.4941
-0.2212	-0.5111	-0.5488	-0.0071	0.3730	1.4368
-0.4292	-0.3867	-0.4164	0.1018	1.1022	0.6474
-0.3263	-0.2350	-0.1031	2.2918	-0.5546	-0.3089
-0.3639	-0.0113	-0.0356	0.0896	0.9175	0.0395
-0.5024	-0.7998	-0.7013	-0.0495	1.8864	1.0976
-0.1864	0.2286	0.3746	0.2257	0.1194	-0.2862
1.4164	-0.2904	-0.6821	-0.0922	-0.9454	0.5572
-0.0319	0.8856	-0.6996	0.0897	-0.7220	0.1971
0.0356	-0.2047	-0.0910	0.1508	-0.0630	0.7907
0.0420	-0.5958	-0.5499	-0.1077	1.7018	0.3872
0.3444	-0.3713	-0.8620	-0.5144	-0.3865	1.8326
-0.2210	-0.4075	1.0582	0.1926	0.4054	-0.0055
-0.2375	1.1739	-0.4132	0.3220	-0.4313	0.1495
-0.3831	-0.3224	-0.3840	0.0765	0.9719	0.6140
0.0339	1.2655	-0.4405	-0.2145	-0.5985	0.2388
-0.4534	-0.3954	-0.2994	-0.7418	-0.1485	2.3572
-0.4743	-0.3113	-0.2284	-0.0281	1.7739	0.1088
-0.3149	-0.2917	3.0931	-0.2230	-1.0177	0.0787
-0.5270	-0.2491	-0.2235	0.4142	1.9603	-0.3174
-0.3556	0.1944	-0.3771	0.3721	1.0683	-0.2449
-0.7607	-0.3396	-0.3642	0.0715	2.2136	0.2623
-0.4566	-0.3913	-0.3014	0.0232	1.5784	0.8234
0.0949	-0.3312	-0.4421	-0.3944	0.0465	1.3015
-0.1276	-0.4447	2.9658	0.1688	-1.0207	-0.0978
0.0862	-0.4978	-0.4534	-0.2719	0.8609	1.1487
-0.3616	0.4100	1.6502	0.0957	-0.5500	-0.1911
2.8098	0.3326	-1.5333	-0.5068	-1.9911	0.6647
-0.5086	-0.1900	-0.2488	0.3599	0.5598	0.4355
-0.0738	-0.3222	-0.3488	2.4865	-0.2618	-0.2466
-0.3784	-0.1757	-0.0061	0.0848	1.3910	-0.0419
0.4012	-0.1884	-1.0259	-0.5067	-0.4683	1.6019
-0.5010	-0.4813	3.3361	0.2841	-0.2244	-0.7517
0.1403	0.3966	0.2313	-0.1369	-0.3966	0.1197
-0.5137	-0.1633	0.0941	0.1166	1.4052	0.1201
0.5836	1.1013	-0.9364	-0.0614	-0.6557	-0.2324
1.6599	-0.4301	-0.5105	-0.2656	-0.9617	0.5351
-0.2780	0.2543	0.8292	-0.3031	0.2798	0.0302
-0.6529	-0.1349	-0.0886	0.4532	0.4857	0.0692
-0.4259	0.8463	-0.4215	0.4498	0.0379	-0.1818
-0.3829	-0.6117	-0.5185	0.0357	1.4750	0.7975
-0.4182	-0.2814	-0.2294	0.0854	1.6733	0.2217
0.3592	-0.1367	-0.4838	0.0084	1.2126	0.0174
1.1085	0.4008	-0.2908	-0.3338	-0.9691	0.0910
0.0217	-0.2413	-0.4778	1.7409	-0.0377	-0.3110
-0.0416	-0.2683	-0.3472	2.3566	-0.5221	-0.5665
-0.8035	-0.5052	0.0097	0.1949	3.1657	-0.1995
-0.7447	-0.1749	-0.2553	0.3914	1.8544	-0.3774
-0.9253	-0.5835	0.1874	0.2473	3.2462	-0.1726
-0.3534	-0.0806	0.2235	0.2151	0.5190	0.1182
-0.1086	-0.3236	1.8673	0.1947	-0.2143	-0.2055
0.2295	-0.1790	-1.0929	1.3781	-0.6050	0.8922
-0.5853	-0.4755	0.0120	0.0933	2.3814	0.1171
3.5997	-1.0863	-0.6580	-0.8873	-1.9387	-0.0155
-0.0808	-0.1844	-0.7868	-0.5026	-0.6891	2.0048
0.0916	-0.5723	1.6514	0.4655	-0.7137	-0.0530
-0.4109	-0.1045	-0.1524	0.3827	1.7465	0.0374
0.1011	-0.2110	-0.4172	-0.2509	0.0802	1.0844
0.4978	0.2166	-0.9989	0.7098	-0.7247	0.4684
-0.0989	-0.1494	-0.9125	-0.8102	-0.6273	2.6565
-0.2430	-0.1064	-0.7667	-0.4568	-0.6433	1.7787
0.3832	0.8790	-0.2308	-0.4107	-0.7424	0.1391
-0.4587	-0.5023	3.3437	0.2706	-0.2705	-0.6914
-0.4574	0.9354	-0.3922	0.4111	-0.0481	-0.1213
-0.6132	-0.3796	-0.3948	0.2708	2.2646	-0.1989
-0.0427	0.7213	0.1089	0.0083	-0.3117	-0.1961
-0.1766	-0.3263	-0.6184	0.7036	0.3466	0.4221
-0.2769	-0.0234	1.0328	-0.3323	-0.5259	0.2392
-0.2539	-0.0104	0.0304	0.0913	0.4028	0.1403
0.7351	0.6050	-1.2456	-0.3991	-1.4000	1.2012
-0.3228	-0.1977	-0.1119	-0.1033	1.1742	0.1905
1.0883	0.5449	-0.5189	-0.3334	-0.9958	0.1718
-0.1168	-0.3158	1.9043	0.1602	-0.5755	-0.0865
-0.2382	1.1290	-0.3028	0.0122	-0.1263	0.1527
-0.2872	1.3748	-0.6238	-0.2510	-0.5614	0.1345
0.4336	-1.0510	-0.7054	1.6408	0.0424	0.4687
-0.1564	0.7661	-0.6443	0.6119	-0.1723	-0.2448
1.1347	-0.8605	0.3607	-0.2749	-0.6175	0.4044
-0.4224	-0.2250	1.0329	0.4094	-0.1472	0.2364
-0.4538	0.3658	0.7952	-0.1787	0.7337	-0.0970
1.0440	-0.7273	0.2022	-0.1823	-0.4592	0.2509
-0.5107	-0.2041	-0.3253	0.2341	1.5106	-0.0741
-0.1431	0.7896	-0.7434	0.6186	-0.3959	0.3325
-0.3048	1.1814	-0.5228	0.2695	-0.1240	-0.1818
-0.4515	-0.2526	0.9793	0.2522	0.6254	0.2629
-0.0323	-0.7218	-0.8732	-0.3092	0.5304	1.7103
-0.0765	-0.2433	-0.5955	0.5682	0.2825	0.8842
-0.2837	-0.3977	-0.3111	2.8738	-0.5876	-0.4550
-0.1887	-0.3942	0.1530	0.1217	0.6700	0.4278
-0.0516	-0.4204	-0.3951	1.1679	-0.3366	0.1350
-0.2677	-0.5347	-0.5651	0.2910	1.9463	0.1114
0.1916	1.4195	-1.3639	0.9404	-0.7659	-0.0843
-0.1720	-0.1353	-0.2077	1.8287	-0.0988	-0.6036
-0.5396	-0.1189	0.2658	0.4009	0.5022	0.0026
-0.1615	1.4518	-0.6451	-0.1593	-0.4342	0.1232
0.0581	-0.1948	0.9489	-0.1039	-0.0546	-0.0146
-0.4439	0.1175	-0.0246	-0.1308	0.8190	0.3686
-0.5386	-0.2009	-0.1745	0.0667	1.7374	0.2040
-0.4905	-0.2579	-0.1840	-0.1074	1.8229	0.0563
-0.4401	0.1081	-0.5159	1.2141	0.0102	0.3142
0.5765	-0.7004	-0.6820	2.0180	-1.0612	0.3364
-0.6398	-0.1044	0.6397	-0.3386	0.7459	0.4775
0.4841	-0.9288	-0.1285	-0.5438	-0.7471	1.5046
-0.2206	1.0044	-0.4961	0.3040	-0.6752	0.0022
-0.2897	-0.2096	-0.2605	2.5453	-0.2681	-0.5465
0.1150	-0.0064	0.9241	-0.1049	-0.4300	0.0219
0.6871	-0.1951	-0.9113	-0.3395	-1.2366	1.9435
-0.2226	-0.2917	0.3258	-0.1552	0.4910	0.4279
0.0726	-0.1961	-0.3829	-0.4436	-0.3892	1.5684
-0.1914	-0.2004	-0.1152	-0.0396	0.6770	0.2655
-0.1871	-0.1264	0.3104	0.8176	-0.0368	0.1133
0.8036	0.2775	-0.2516	-0.1159	-0.6481	0.0270
-0.4466	-0.3903	0.9172	0.2798	0.8679	0.1171
0.8756	0.3424	-0.3164	-0.1641	-0.7201	0.1219
-0.0148	0.4827	-1.0126	-0.5093	-0.5332	1.3841
0.0141	0.8988	-0.3939	-0.1665	-0.6364	0.2007
0.2377	0.0218	-0.0789	-0.1557	-0.2761	0.6612
0.0133	-0.1631	-0.5558	0.1223	0.0269	1.1166
0.6057	0.1380	0.4577	-0.1836	-0.3714	-0.1269
-0.2471	-0.1125	0.0437	1.1231	0.2622	-0.1012
0.5718	0.5863	-0.3724	-0.0541	-0.5919	-0.0248
-0.1736	-0.1716	-0.2225	2.2128	-0.0570	-0.3657
0.0138	-0.0074	-0.3397	0.9958	-0.2888	0.2026
-0.7249	-0.1467	-0.1067	-0.4552	1.2762	0.6799
-0.1838	-0.3613	-0.0173	0.6790	0.4961	0.2606
-0.6099	-0.1619	-0.1275	-0.3912	1.0217	0.6594
0.0598	1.5523	-0.9247	0.1129	-0.5524	0.0066
1.0030	1.0027	-0.5450	0.0275	-1.0774	-0.3292
-0.2534	-0.4001	-0.3201	-0.3871	0.8636	0.5025
0.1985	0.6922	-0.0766	0.2359	-0.4116	-0.1984
-0.2324	-0.2674	0.1569	1.3065	0.0350	0.2234
-0.0341	-0.5372	-0.4021	1.3598	-0.0285	-0.0085
-0.3157	1.2734	-0.7654	-0.1736	-0.5009	0.3501
0.8573	0.2982	-0.3000	-0.1552	-0.6765	0.0810
-0.2960	-0.6618	3.3547	0.2313	-0.1954	-0.2371
-0.1319	1.1321	-0.5406	0.3737	-0.6457	-0.1286
-0.5744	2.0206	-0.8138	0.1912	-1.1128	-0.1079
-0.3363	-0.2319	-0.2987	0.3646	2.0749	-0.1401
-0.0587	0.1459	-0.3504	0.3574	-0.5011	0.3720
-0.1990	-0.4791	-0.4560	0.1837	0.9993	0.6562
0.2243	1.0464	-0.9397	0.5108	-0.5962	0.0249
-0.2799	-0.3851	-0.4668	0.3512	1.1521	0.6304
-0.0352	-0.3220	1.6595	0.0862	0.0038	-0.0991
-0.2907	1.8610	-0.7146	0.4544	-0.9994	-0.2870
-0.1725	-0.2582	-0.3423	2.5641	-0.4287	-0.6120
0.5334	-0.1634	-0.6405	0.9770	-0.1960	-0.0518
-0.4516	-0.7158	-0.8104	-0.0572	-0.1823	2.3385
-0.7441	1.7934	-0.3481	0.3175	-0.8318	-0.1346
0.0045	0.0097	-0.0533	-0.2092	0.0843	1.1068
-0.4365	2.0097	-0.8111	0.2342	-0.9707	-0.0911
-0.3935	-0.2336	-0.1066	0.5740	1.1998	-0.0667
-0.1122	-0.0999	-0.6782	-0.7571	-0.5537	2.5540
0.0937	-0.2032	-0.4830	1.1372	-0.0687	0.1139
-0.4977	-0.5867	-0.6828	-0.0326	-0.1528	2.1313
-0.2378	-0.8994	3.4426	0.1011	-1.2083	-0.2065
-0.1357	-0.4405	-0.4392	0.3454	1.2876	-0.0095
-0.1634	-0.6161	2.6210	0.2404	-0.2347	-0.0819
-0.2187	-0.5379	0.1854	-0.1701	1.7759	-0.0210
-0.3879	1.4478	-0.6133	-0.0936	-0.7052	0.0698
0.2972	-0.3537	-0.3903	-0.0540	1.4955	0.1146
-0.1051	-0.1828	2.4724	-0.3842	-1.6709	-0.1242
-0.7333	-0.1893	0.2008	-0.0609	1.6481	-0.0073
-0.0981	-0.1731	2.3203	-0.3600	-1.5732	-0.1214
0.1034	-0.5877	-0.4863	-0.1508	1.6993	0.4212
-0.5797	-0.0338	-0.2671	0.0535	1.8832	0.0060
-0.1826	-0.3246	1.7502	-0.0243	-0.2729	0.0246
-0.1214	-0.3242	1.5291	0.1570	-0.1879	-0.0108
-0.1477	-0.1803	-0.3577	1.8566	-0.2162	-0.3047
-0.4256	-0.6312	-0.4813	-0.2313	1.9657	0.6966
-0.0814	-0.5675	1.2761	1.5796	-0.4595	-0.2774
0.1181	-0.5631	-0.6841	-0.5844	-0.2972	2.4172
-0.5575	-0.1711	1.7442	0.0633	0.1356	-0.1306
1.0434	-0.6810	0.1583	-0.1997	-0.4595	0.2583
-0.6415	-0.4177	-0.0789	0.1625	2.4987	0.0245
-0.4679	-0.3060	-0.0180	0.1017	1.5733	0.2115
-0.3936	-0.3741	-0.4953	0.0980	0.9404	0.7146
-0.4126	0.3990	0.7385	0.1444	-0.4437	-0.0969
-0.6161	-0.2926	1.1831	0.4157	0.3519	-0.2339
-0.3190	-0.1354	-0.1014	0.1903	1.3227	-0.0974
-0.4448	-0.1662	-0.2237	0.1678	1.4435	0.0073
-0.4644	0.6382	1.1018	0.3066	-0.1597	-0.2814
0.1441	0.8210	-0.3416	0.6481	-0.9649	-0.2308
-0.5125	0.2106	0.8486	0.4275	0.5104	-0.4349
-0.4427	-0.3207	-0.2058	-0.0698	1.4045	0.3641
-0.6976	1.8684	-0.6586	0.2435	-0.9497	-0.1170
0.0964	-0.4745	-0.4417	1.7640	-0.3903	0.0652
-0.4360	-0.0512	-0.3996	-0.2368	-0.4980	2.2138
-0.0975	-0.1566	-0.2206	1.9219	-0.3340	-0.4183
0.0267	-0.4510	-0.2281	1.7042	-0.2783	-0.2160
-0.4934	0.3602	0.5281	0.2834	0.0484	-0.1112
-0.0199	-0.1688	2.0601	-0.1664	-0.7885	-0.1876
0.0053	0.0198	-0.0101	1.8386	-0.2911	-0.4570
0.1206	-0.2277	0.5752	-0.2047	-0.1250	0.0707
0.1510	-0.1171	-0.2134	1.1831	-0.3452	-0.0217
-0.2754	-0.4235	-0.3940	-0.0663	1.8943	0.2414
0.0774	0.0144	0.5734	-0.0593	-0.7051	0.1581
0.1632	0.7046	-0.7952	0.6177	-0.5456	-0.1325
-0.4823	1.1490	-0.4932	0.1323	-0.3914	0.2206
-0.0232	-0.1899	-0.5310	-0.1803	-0.6284	1.7269
-0.0234	-0.4671	-0.1924	1.7887	-0.3321	-0.1923
-0.6588	-0.3664	0.1325	0.1922	2.0834	0.1213
-0.4537	-0.0837	0.8343	0.0241	0.3381	0.0270
0.0231	0.3119	-0.4866	0.0639	0.1825	0.0204
-0.3742	2.1838	-0.7595	-0.2129	-0.9671	0.1938
-0.4077	-0.2998	-0.4984	-0.1508	1.2192	0.8053
0.2430	-0.4773	-0.1590	0.0439	1.3506	0.3086
-0.2382	-0.2882	0.0338	-0.2468	1.1010	0.5072
0.1134	0.3396	-0.8954	-1.1930	-1.1653	2.2038
-0.1984	-0.4313	2.6644	0.2611	-0.7505	0.0697
0.2141	1.1405	-0.6125	0.1321	-0.6436	0.0757
-0.1778	-0.4000	-0.4230	-0.4672	0.1849	1.6014
0.2507	-0.4848	-0.4427	1.9918	-0.3683	-0.2088
-0.2915	-0.7209	-0.7374	0.7833	2.0632	0.0721
2.8602	-0.6823	-0.5285	-0.7420	-1.5798	-0.0908
-0.1362	1.5225	-0.4709	-0.2885	-0.8651	0.0417
1.8625	-0.2878	-0.8579	0.2021	-1.1105	-0.0587
0.4349	-0.8890	-0.3768	-0.7050	-0.9332	2.1517
0.2549	-0.4909	-0.2391	-0.1773	-0.1474	1.2870
-0.4180	0.0483	0.3422	-0.2727	0.5119	0.2560
-0.1658	-0.7150	-0.6680	0.0439	1.3607	0.7954
-0.3827	0.1130	0.6567	0.2823	0.2545	-0.1569
-0.5343	-0.3775	0.0278	0.0911	2.3074	-0.1780
-0.3667	1.3853	-0.5827	-0.0397	-0.5589	0.0342
-0.2427	-0.4268	-0.3943	-0.0066	1.3715	0.5106
-0.3186	-0.7024	-0.6834	0.1508	1.5374	0.9170
-0.0380	-0.8783	-0.4347	0.0884	1.2680	0.9470
0.1971	0.6372	-0.6440	-0.0120	-0.7821	0.3691
-0.3191	-0.9511	-0.6834	0.0044	2.1948	1.0762
-0.8532	-0.5092	-0.2582	0.4080	3.1137	-0.0708
-0.0372	0.9431	-0.3402	-0.0241	-0.5575	-0.0658
-0.4648	-0.4205	0.1135	0.1232	1.7906	0.1623
0.5206	0.3810	-0.3552	-0.3470	-0.9203	0.7464
-0.8715	-0.4248	0.3082	0.0060	2.5692	-0.0411
-0.5715	0.4400	-0.7387	0.2825	1.3507	-0.1056
-0.5404	-0.3971	0.6849	-0.0586	0.9183	0.0092
0.2975	-0.2691	-0.8347	-0.7106	-0.8061	2.0381
0.9145	0.3006	-0.5038	-0.0657	-0.8132	0.4906
0.7723	0.7592	-0.6045	-0.1531	-0.7298	0.1979
-0.3840	-0.6374	-0.2851	2.8629	-0.3819	-0.4273
-0.3627	-0.6124	3.3943	-0.1134	-0.6840	-0.0585
0.0439	0.3854	0.2060	0.0603	-0.3972	-0.2147
0.2401	0.6937	-0.4178	-0.1131	-0.4507	0.0527
0.4149	-0.3003	-0.3933	-0.4548	-0.3485	1.2713
0.1902	1.3320	-0.5632	-0.3291	-0.4727	0.3444
-0.5716	1.2741	-0.6593	0.3356	0.2691	-0.0653
-0.3389	-0.1197	0.0943	0.1645	0.7728	0.0156
-0.1906	-0.0377	1.7344	0.0064	-0.5320	-0.0256
0.2031	1.7314	-0.8497	-0.2013	-0.7476	0.3000
0.7107	0.9284	-0.7818	0.0351	-1.0187	0.2979
0.4682	1.2395	-0.7568	-0.3708	-0.8440	0.1996
-0.1226	-0.2280	0.0027	0.1983	1.6209	-0.0599
0.0864	1.6843	-1.0333	-0.5040	-0.8213	0.1339
-0.8369	-0.3747	-0.0817	-0.1244	2.3247	0.1955
-0.0257	-0.2425	-0.2536	1.6898	-0.0258	-0.4163
-0.0443	0.2898	-0.0459	0.7004	-0.3220	-0.1753
-0.4466	1.2452	-0.3716	-0.0713	-0.4122	0.0290
-0.0332	1.3736	-1.1349	0.2356	-0.6907	-0.0689
0.0375	-0.3327	0.7580	1.6088	-0.2752	-0.5066
0.1699	-0.0477	1.7919	-0.1361	-1.1225	-0.0194
-0.7373	0.0054	0.6018	0.3325	1.2861	-0.3480
-0.5101	0.2873	0.5780	0.3551	0.3276	-0.0783
0.0036	0.6561	-0.9024	0.3184	-0.2248	0.4047
-0.0004	1.1148	-0.3380	0.1546	-0.6541	-0.3612
-0.2137	0.9054	-0.6590	-0.0230	-0.5570	0.4503
-0.5806	0.2780	-0.2792	0.4002	0.9183	0.0096
3.3548	-1.0230	-0.6266	-0.8367	-1.7792	0.0214
-0.5203	2.0464	-0.8565	0.3742	-0.9026	-0.0627
0.8362	0.7378	-0.9165	-0.2011	-0.8377	0.5900
0.1723	-0.4767	2.0980	-0.1201	-0.3860	-0.2805
0.1580	-0.2316	-0.5204	2.1617	-0.6827	-0.1861
-0.2564	0.1158	0.0136	0.1167	0.9219	0.0587
-0.2108	-0.3856	2.7804	-0.1899	-0.5084	-0.2318
0.0736	-0.3900	-0.2946	0.4996	-0.1012	0.4552
-0.0391	-0.5798	-0.1098	2.3200	-0.3050	-0.5170
-0.5872	2.1297	-0.9833	-0.2703	-0.7541	0.4745
-0.1234	0.1050	-0.2037	1.7238	-0.0697	-0.4035
-0.6135	-0.4187	-0.3458	0.1643	1.3569	0.4175
-0.3687	-0.6031	3.3748	-0.1059	-0.6912	-0.0635
-0.1299	0.6188	-0.3023	0.0833	0.0605	0.0462
0.0630	0.7195	-0.8666	0.8293	-0.7313	-0.1436
-0.2004	1.3235	-0.7132	-0.1808	-0.6224	0.1770
-0.5619	2.0986	-0.5190	-0.1044	-0.1560	0.2339
-0.3484	-0.5214	-0.7611	-0.0795	0.9779	0.8552
-0.1396	1.1893	-0.4766	0.4273	-0.4300	0.1198
-0.0848	1.1580	-0.5782	-0.2166	-0.5961	0.0619
-0.4012	1.3103	0.0164	0.3428	-0.4169	-0.2207
0.1561	-0.2066	-0.3454	-0.1568	0.8443	0.2953
-0.1169	0.2727	-0.5627	0.2946	0.9296	0.0975
-0.2156	1.4053	-0.2095	0.1034	-1.0064	-0.1229
-0.1376	-0.4501	2.4294	0.2374	-0.3156	-0.2421
-0.0181	0.6439	-0.2341	0.1217	-0.6226	0.1100
-0.3842	-0.5895	2.4692	0.3631	-0.3674	-0.1999
0.0883	-0.0226	0.0015	-0.1711	-0.4648	0.8348
-0.2049	-0.0255	-0.0943	0.3313	0.6954	-0.0211
0.5651	-0.0908	0.8330	-0.2839	-1.1228	-0.0004
0.1652	-0.5490	-0.4345	1.9816	-0.5453	-0.0751
-0.1707	-0.9437	-0.8720	-0.1545	2.9182	0.5447
-0.0119	0.0332	1.1523	0.1732	-0.5374	0.1950
-0.4809	-0.1256	0.3758	0.7071	0.7134	-0.2693
-0.7812	-0.6421	-0.5960	0.4154	3.2136	-0.0561
-0.3099	-0.4447	1.1979	0.0503	-0.1710	0.1763
0.0804	-0.5105	-0.4232	-0.3097	0.1055	1.4208
-0.3569	0.1319	-0.4048	0.1072	1.0562	-0.0063
-0.2535	-0.0331	-0.2021	-0.0044	0.9452	0.0836
0.0970	-0.4447	-0.9398	-0.6805	-0.8760	2.9643
0.0577	-0.1846	-0.5302	-0.5112	-0.4252	1.5397
0.0210	-0.2467	-0.3725	-0.0272	1.3151	0.2970
-0.2992	-0.2070	-0.3203	0.5126	1.3473	-0.1235
-0.5435	-0.1558	-0.0129	-0.0445	1.4640	-0.0063
-0.5454	0.0537	0.3107	1.1468	0.2055	-0.1221
1.0928	-0.3263	-0.3635	-0.1640	-0.6686	0.5861
-0.2507	1.3209	-0.6679	-0.1401	-0.4960	0.0151
-0.0815	0.3788	-0.1679	0.5651	-0.2252	-0.1369
-0.4492	-0.0899	-0.3358	-0.0241	1.2876	0.3290
-0.3346	-0.4810	-0.0228	-0.1244	1.9094	0.2929
-0.2913	-0.4320	-0.4202	0.0490	1.3683	0.4867
-0.0425	0.9193	-0.2727	0.0412	-0.6474	0.0521
-0.5225	2.1156	-0.8441	-0.0220	-1.0787	0.0689
-0.5248	-0.0521	0.3553	0.6482	0.8037	-0.2847
0.1057	1.2518	-0.4851	-0.2845	-0.3628	0.2364
-0.2110	-0.0335	1.2235	0.1233	-0.1443	-0.1277
-0.9480	-0.0231	0.0562	1.3531	1.6238	-0.4434
-0.2831	-0.4158	-0.4113	0.0500	1.3229	0.5152
-0.5193	-0.1534	0.7287	-0.0071	0.7907	0.1371
-0.1061	0.2639	1.3276	0.0542	-0.1426	-0.2400
-0.4512	-0.2588	-0.1198	0.1715	1.6097	0.0548
-0.1898	-0.2184	0.6650	-0.0788	0.4063	0.1918
-0.2661	-0.4286	-0.4140	0.0319	1.3234	0.4872
-0.2288	1.0974	-0.4806	-0.0641	-0.5987	0.1268
-0.1326	-0.1439	0.0780	-0.1870	0.3811	0.2834
-0.4198	-0.0666	0.8463	-0.0031	0.3133	-0.0055
0.1558	1.4329	-0.8592	-0.0091	-0.6089	0.4544
-0.6592	1.6424	-0.7005	0.4570	-0.4921	0.0509
-0.2808	1.6821	-0.8375	-0.2763	-0.7143	0.0979
-0.2261	1.4210	-0.6837	0.0422	-0.7267	0.0795
-0.1363	0.3070	-0.1651	0.7610	-0.4158	-0.2161
-0.3729	0.5671	0.0255	0.7586	-0.5149	-0.3652
0.6871	-0.1951	-0.9113	-0.3395	-1.2366	1.9435
-0.8609	-0.6685	-0.5077	0.3988	2.9739	0.0320
-0.5076	-0.3115	-0.2048	0.2316	1.8176	0.1646
-0.0623	1.2362	-0.6313	0.1453	-0.5420	-0.0398
1.5745	-0.4940	-0.3315	0.0442	-0.7345	0.4691
-0.1220	0.6303	-0.4493	1.2988	-0.1243	-0.2593
0.9586	0.1167	-0.2559	-0.3142	-0.9236	0.2911
-0.1648	1.2151	-0.6994	0.0836	-0.1545	-0.1023
-0.2700	-0.2645	-0.3909	0.5883	0.7553	-0.2845
1.5586	-0.0989	-0.9249	0.2329	-1.0224	-0.1407
-0.0668	-0.4941	-0.6447	2.5227	-0.5208	-0.2812
-0.4471	-0.1379	0.3400	0.6424	0.8189	-0.2683
0.0435	-0.4702	0.0653	1.7809	-0.2328	-0.4634
-0.1616	0.8557	-0.6417	0.1749	-0.1662	-0.1952
-0.5826	0.6512	-0.8381	0.4094	0.9394	-0.1855
-0.6999	-0.3238	-0.1699	0.2029	2.4344	0.1762
-0.1642	0.0493	0.8357	-0.0324	-0.4006	0.2232
-0.2889	0.2507	0.4484	0.1905	0.0137	-0.1944
-0.5121	-0.3071	-0.2185	0.2507	1.8187	0.1570
-0.5371	-0.4583	-0.4095	0.2369	2.2157	0.0968
0.0943	-0.4233	-0.1716	2.2217	-0.3080	-0.3787
-0.2904	-0.2310	-0.1444	0.1542	0.8627	0.2116
-0.2476	0.9071	-0.3330	0.1357	-0.3913	-0.0716
-0.0364	-0.0279	1.3926	0.0246	-0.3544	-0.2114
-0.5511	-0.0154	-0.2839	0.1726	1.4218	-0.2359
-0.3518	-0.4338	0.2004	0.2306	1.1683	0.1290
-0.1285	-0.3705	-0.4847	1.6863	-0.3765	-0.0896
-0.6128	-0.3220	-0.1315	-0.3477	1.0267	0.6065
0.6524	-0.3218	0.3872	0.0383	0.4833	0.0223
-0.5948	0.1603	0.4140	0.4305	1.1186	-0.4883
-0.0189	-0.0684	-0.4676	1.7910	-0.2122	-0.3830
-0.0843	-0.5783	-0.0636	-0.1528	1.7034	0.2678
1.0097	0.4839	-0.8535	0.2024	-1.0121	0.1759
0.1260	-0.5231	-0.1970	2.5015	-0.2547	-0.6859
-0.3120	0.8941	-0.0272	0.2871	-0.4629	-0.2251
-0.5045	-0.3046	-0.2125	0.2369	1.8013	0.1698
-0.3672	0.5634	0.2252	0.6648	-0.2800	-0.2630
-0.4216	-0.2805	0.0739	0.0969	1.2518	-0.0386
-0.6109	-0.4260	-0.4541	-0.0309	1.8777	0.7073
-0.2975	0.3998	1.1593	-0.1209	-1.1416	0.0469
-0.1747	-0.5285	1.5968	0.1626	0.1472	-0.0579
-1.5757	1.3197	0.0184	-0.6653	0.7144	0.9578
0.0544	1.2562	-0.7098	-0.0176	-0.3846	0.2046
0.4478	1.2703	-0.9388	-0.0576	-0.7391	0.3224
-0.7021	-0.5739	-0.0438	-0.0850	2.6403	0.2984
-0.3652	-0.7288	-0.7266	-0.2697	1.6520	1.1347
2.7869	-1.0757	-1.0850	0.5091	-1.6261	0.5232
-0.2722	-0.3308	-0.1439	0.4144	2.3935	-0.0957
-0.0948	-0.1470	-0.4585	-0.4982	-0.7906	1.8488
-0.3793	-0.6735	-0.5965	0.0442	1.6193	0.8763
-0.2978	0.1571	1.4324	-0.1112	-0.1479	0.0858
-0.6738	0.2233	2.0365	0.4311	-0.3362	0.0462
-0.4445	-0.3400	0.3242	0.2737	1.3273	0.0918
1.0772	-0.8542	1.6349	-0.5074	-0.1370	-0.2835
-0.3617	-0.3425	1.0562	0.6744	-0.0855	0.2668
0.8458	0.3375	-0.0155	-0.1466	-0.7507	-0.1462
0.4819	1.2550	-0.7013	0.1853	-0.9793	0.1467
-0.6181	-0.4708	-0.3588	0.0629	2.0750	0.6072
2.7869	-1.0757	-1.0850	0.5091	-1.6261	0.5232
-0.2877	0.8064	-0.7531	0.5384	-0.0474	0.0304
1.2736	-0.5822	-0.9072	-0.2959	-0.6740	0.7429
1.7512	0.5659	-1.4419	-0.5669	-1.5670	1.0443
-0.8107	-0.4183	-0.0534	0.1418	2.7316	-0.0874
-0.7366	-0.6284	-0.6394	0.1949	2.8852	0.4696
-0.4642	1.6676	-0.7357	-0.1464	-0.8001	-0.0332
-0.4975	-0.6209	-0.4859	-0.0099	2.7458	0.4486
0.2682	0.8174	-0.4003	1.0491	-0.9869	0.1738
-0.0254	-0.0204	1.2559	-0.3448	-1.0532	-0.0255
1.7235	-0.1221	-0.8089	-0.1144	-1.1238	0.6196
-0.3121	-0.6416	-0.6339	0.1116	1.6887	0.6700
1.6842	0.0396	-0.2318	-0.0591	-1.0115	-0.1308
0.1106	-0.4124	-0.8634	-0.6481	-0.8387	2.7681
0.2490	-0.3176	-0.3888	-0.2955	0.1818	0.9335
-0.3243	-0.3807	-0.5802	0.5402	0.4270	0.6754
-0.3100	1.5538	-0.5677	0.5141	-0.9130	-0.0742
-0.1495	1.0712	-0.5120	-0.1502	-0.4507	0.0220
0.4146	-0.1025	0.9304	-0.2943	-0.6848	-0.0844
-0.0100	-0.2956	-0.5655	-0.5048	-0.4750	1.8921
-0.1386	-0.0961	-0.1797	-0.6114	-0.2143	1.7724
0.2126	-0.5325	-0.4691	-0.2551	-0.0992	1.5203
-1.0581	0.5114	0.5764	-0.4102	0.4083	0.3628
0.3576	-0.4442	-0.4150	-0.1553	0.0692	0.9959
0.0171	-0.1460	-0.2961	-0.2919	-0.4002	1.3790
-0.7820	-0.4319	-0.2353	-0.1564	2.0003	0.5712
1.4164	-0.2904	-0.6821	-0.0922	-0.9454	0.5572
0.0972	-0.2465	-0.2781	-0.2655	-0.2103	1.1344
0.3217	-0.2128	1.4594	-0.0182	-0.7925	0.1152
-0.0538	-0.2054	1.4869	0.0200	-0.2283	-0.1296
-0.6010	-0.5360	-0.6136	0.9307	0.4255	0.7990
1.7583	-0.5581	-0.5294	-0.0720	-0.9490	0.4849
0.1045	-0.7213	-0.0089	-0.8271	-0.8654	1.7513
-0.4326	-0.3019	1.0992	-0.1527	0.2019	0.4585
-0.3675	2.0769	-0.5609	-0.0441	-0.7429	0.0704
-0.2081	-0.1725	-0.5089	-0.7832	-0.4933	2.6345
0.1307	-0.1023	0.8214	-0.2583	-0.7472	0.1943
-0.1377	-0.2107	-0.5799	-0.6740	-0.5158	2.5066
0.3392	-0.2917	-0.2449	0.0456	0.2946	0.3374
-0.6923	0.6431	0.9350	0.4055	-0.0327	-0.3046
-0.8924	-0.5867	-0.2831	0.2986	3.1719	0.3243
-0.3596	0.0378	0.8386	-0.0028	0.2803	-0.0333
0.1631	-0.4384	-0.0604	1.8603	-0.2925	-0.5674
-0.1298	0.6223	-0.7658	0.2225	0.4981	0.1214
0.1805	-0.0722	-0.1399	0.0870	-0.1351	0.2902
-0.4263	-0.4486	-0.6835	-0.1185	1.5537	1.0605
1.6909	0.0544	-0.2343	-0.0126	-1.0181	-0.1638
-0.3656	-0.7160	-0.5362	0.0935	1.9583	0.8829
0.1064	-0.3609	-0.2478	-0.1854	0.4666	0.9343
-0.6459	-0.3640	0.0004	0.1086	2.4689	0.0326
2.8677	0.0328	-0.5234	-0.2171	-1.7845	-0.2918
-0.0899	-1.0674	-0.3733	-0.2634	1.8145	1.0084
-0.6127	-0.2755	-0.2464	0.0068	2.0591	-0.0585
-0.4466	-0.4665	-0.7283	-0.0111	1.8088	0.7533
0.4610	0.6559	-0.2723	0.0356	-0.8450	0.3777
-0.5816	-0.4764	2.4309	0.0198	-0.1233	0.1406
-0.2225	-0.3408	-0.0592	1.4089	0.3466	-0.0736
-0.2243	-0.3224	1.9246	0.5365	-0.6179	-0.4127
-0.2917	0.1645	1.5317	-0.1444	-0.3195	-0.1236
-0.2862	-0.2234	-0.4600	0.4170	1.7657	-0.1176
0.8418	-0.0812	0.6836	-0.4851	-0.8542	0.0757
0.1136	0.1312	-0.0015	-0.0105	-0.2820	0.2612
-0.2901	0.0663	-0.5508	-1.0110	-0.8211	2.2030
-0.0212	-0.2006	1.3784	-0.0090	-0.0599	-0.0522
0.0511	-0.6526	1.8695	0.1883	-0.4578	-0.3512
-0.2244	0.6833	-0.1934	0.6619	-0.3071	-0.2966
-0.2435	-0.5226	1.6929	0.1839	0.1212	-0.0478
-0.2631	-0.3499	1.2040	-0.0783	0.2240	0.1682
-0.1503	-0.4087	2.8072	0.2526	-1.0019	-0.0965
-0.6229	-0.2648	-0.1440	0.2192	2.0923	0.0968
-0.7657	-0.3911	-0.2063	0.3635	2.5180	-0.0765
-0.5079	-0.3476	0.4097	0.3284	0.7921	0.5357
-0.1140	-0.3358	1.6982	0.2902	0.2329	-0.4132
-0.0201	-0.5635	-1.4717	-1.1283	-1.2206	4.5774
0.1286	-0.1759	-0.9968	-0.4975	-0.4508	1.7782
-0.0924	-0.1319	-0.3881	-0.4106	-0.0865	1.3304
-0.1242	-0.5776	-0.6103	-0.3047	0.8657	1.4219
-0.0219	-0.4342	-0.8862	-0.5655	-0.3450	2.5947
-0.1732	-0.3075	-0.4688	0.5456	0.0503	0.3080
0.0517	0.8808	-0.1516	-0.1781	-0.6029	0.0858
0.2648	0.7556	-0.5031	-0.0159	-0.5664	0.0856
1.3939	-0.2715	0.3211	-0.2124	-1.0034	-0.3054
-0.0465	0.0913	1.3949	-0.0544	-0.5485	0.2091
0.8094	0.1602	-0.6032	0.3127	-0.7441	0.1345
0.0801	-0.4541	-0.4836	1.7843	-0.4533	0.1096
0.1674	0.8737	-0.9133	0.5328	-0.5602	-0.0044
-0.1871	0.3355	0.0189	0.1142	0.6147	0.1173
-0.6271	-0.3441	-0.2571	0.0683	2.2992	0.2349
-0.7152	-0.1657	-0.3023	0.4626	1.7777	-0.4205
-1.4525	0.4803	1.2216	-0.3296	0.7412	0.3270
-1.1147	0.2978	0.8856	-0.1426	0.7953	0.2194
-1.1147	0.2978	0.8856	-0.1426	0.7953	0.2194
-1.2792	-0.0785	0.6295	-0.5069	1.5223	0.5473
0.3230	1.0681	-0.8461	-0.4851	-0.9666	0.4668
0.3715	1.4518	-0.8072	-0.2243	-1.1177	0.3068
0.3267	1.1271	-0.7824	-0.1697	-0.8766	0.4585
0.3579	1.2589	-0.8708	-0.4205	-1.0658	0.4542
0.0479	-0.4020	1.8306	-0.0403	-0.2029	-0.3517
-0.1237	1.7905	-0.7561	-0.1856	-0.6789	0.1858
-0.0806	1.4321	-0.6593	-0.2260	-0.6017	0.2053
-0.1576	1.6601	-0.7017	-0.1138	-0.6171	0.1167
-0.2750	1.3241	-0.5438	-0.2752	-0.6700	0.1313
-0.3557	-0.2089	-0.0805	0.1696	1.1910	0.0087
-0.5469	-0.1699	-0.1123	0.1574	1.6566	0.0073
-0.0470	0.2911	-0.3967	0.8476	-0.2124	-0.0851
-0.1149	-0.3571	-0.2317	0.0104	0.8376	0.6740
-0.0607	1.4351	-1.2487	0.8351	-0.8512	-0.0992
0.0319	0.9572	-1.0922	0.8614	-0.5430	-0.0942
0.7077	-0.6308	-0.5920	2.1549	-0.5168	-0.3156
-0.1120	-0.7707	-0.3783	2.8075	-0.5545	-0.4026
-0.3479	2.1665	-0.3934	-0.1347	-1.2141	-0.3342
-0.2245	0.2414	-0.2143	1.5358	0.2496	-0.1325
-0.1423	-0.1315	-0.4717	0.7390	0.0260	0.2540
-0.4247	-0.0949	-0.1019	-0.0968	1.0748	0.3398
-0.1663	-0.2831	1.8760	0.0322	-0.5829	0.0286
-0.3688	-0.1800	1.2701	-0.0873	-0.1211	0.6724
-0.2652	-0.2940	0.2869	-0.2377	0.4178	0.4431
1.0758	0.4916	0.0007	-0.4099	-0.8790	0.0872
0.4999	0.5023	-1.2049	-0.2291	-1.3335	1.1312
0.3136	-0.4405	2.0356	-0.1194	-0.3767	-0.5336
-0.0493	-0.1820	1.9924	-0.2860	-1.4099	-0.1684
-0.1021	-0.1721	2.3257	-0.3568	-1.5705	-0.1222
0.0364	-0.1631	2.6127	-0.5073	-1.9738	-0.1108
-0.0570	-0.1681	1.9873	-0.3140	-1.3394	-0.1107
1.4822	0.2137	-0.8209	-0.1540	-1.0887	0.7609
2.6346	0.6386	-1.4328	-0.4731	-2.0051	0.6667
-0.7219	0.0927	0.5645	-0.3912	0.5388	0.5377
0.9963	1.0509	-0.6719	-0.0994	-1.0778	-0.1911
0.4778	-0.8365	-0.4022	1.4678	-0.1432	0.0711
0.3634	-0.7996	-0.3214	1.6247	-0.0240	-0.1308
0.5798	0.0988	-0.0136	1.0476	-0.7759	0.0179
-0.6794	-0.2028	-0.1067	0.2362	1.9100	-0.1402
0.1629	-0.4110	-0.4077	1.6789	0.1123	-0.1477
0.1662	0.9196	-0.4978	0.1266	-0.6227	0.0697
0.0651	-0.2867	-0.4696	1.8928	0.1394	-0.4287
0.1563	-0.4737	-0.4685	2.0787	0.1253	-0.2776
-0.0649	-0.1359	1.7654	0.1022	-0.3572	-0.2645
-0.2249	0.9943	-0.3062	-0.0821	-0.2863	-0.0826
-0.4781	-0.2847	-0.0246	0.0143	1.6395	-0.1134
-0.3820	-0.0798	2.4175	0.3883	-0.6230	-0.4096
-0.5668	-0.1020	-0.2387	0.0818	1.8936	0.0274
-0.3600	-0.0276	2.2316	0.4097	-0.6033	-0.4160
-0.4034	1.5035	-0.4074	0.0216	-0.3783	0.0860
0.0978	-0.2402	-0.4900	0.3408	-0.2904	0.7617
-0.7383	-0.6298	-0.6383	0.1948	2.8872	0.4697
0.7261	0.5821	-1.3284	-0.1748	-1.4456	1.2416
0.4148	-0.1809	1.4222	-0.1467	-0.8087	-0.1346
-0.2477	1.3724	-0.2484	-0.1588	-0.6822	-0.0702
-0.3108	-0.1582	0.7923	0.2536	0.3228	0.1749
1.5239	0.1969	0.2509	-0.4409	-1.1665	-0.0907
-0.2638	0.0968	1.6709	0.2775	-0.5731	-0.2988
-0.1492	-0.3912	1.8390	0.2491	0.1934	-0.3936
-0.0398	0.4165	-0.3814	1.5711	0.0308	-0.3558
-0.1030	-0.3611	0.5586	0.9647	-0.0567	0.2390
-0.1933	-0.3279	0.9633	0.1213	-0.1405	0.7063
0.0983	0.3341	0.2061	-0.0850	-0.3807	-0.1006
-0.2534	-0.5185	-0.1720	-0.2135	0.6763	0.7780
-0.2122	0.4658	0.2133	0.2623	-0.2153	0.0166
-0.5867	0.4090	-0.3214	0.2341	0.3079	0.3527
-0.0672	-0.3241	-0.0469	2.0540	-0.2095	-0.3201
-0.5251	0.2199	-0.2355	0.3441	0.3760	0.2284
-0.6427	0.7261	-0.2865	-0.1009	0.1269	0.4580
-0.1803	-0.5353	0.0461	1.9410	-0.1077	-0.4006
0.0544	-0.3346	-0.4515	0.0577	1.0482	0.2289
0.1069	0.7380	-1.2430	0.9590	-0.8106	-0.0672
-0.1206	-0.3009	-0.0500	1.8086	-0.2896	-0.3846
-0.0381	0.1731	0.1203	0.5017	-0.0273	0.0956
-0.1770	-0.1958	0.2255	1.0635	0.1035	0.1544
-0.0473	-0.3750	-0.0452	1.0101	0.1058	0.1549
-0.0338	-0.6416	-0.5807	-0.0301	0.8688	0.8395
0.1214	-0.5157	-0.1620	1.7471	-0.2344	-0.2571
-1.0841	-0.3325	0.0289	0.7995	1.1059	0.3297
-0.2050	-0.3523	-0.2653	2.8570	-0.6703	-0.5793
-0.6999	0.0954	2.5640	0.4285	-0.5307	0.0579
-0.2472	1.1932	-0.1883	0.2881	-0.6243	-0.2715
-0.5651	2.2762	-0.6806	-0.1836	-0.1984	0.3826
-0.2400	1.9394	-0.5273	-0.3714	-1.0907	0.2839
-0.4976	0.6017	0.8925	0.1305	-0.6789	-0.1377
-0.4425	0.4934	1.0256	0.0502	-0.7184	-0.1322
-0.0471	-0.1060	-0.1782	1.3541	-0.0712	-0.1723
-0.8434	-0.1899	0.0176	0.5237	0.9917	0.0804
-0.6944	-0.2027	-0.2989	0.3044	1.5826	0.2298
-0.0419	0.4550	1.0810	-0.4306	-1.3690	0.1148
0.0036	-0.1634	-0.3141	1.8854	-0.4979	-0.2167
-0.3212	0.8131	0.4755	0.1317	-0.6811	-0.2306
-0.3737	0.3638	1.0750	-0.0505	-0.9820	0.0362
-0.3542	0.4264	1.1999	-0.1334	-1.1849	0.0607
-0.2202	0.1735	1.0252	-0.0681	-0.8206	0.0886
-0.8046	0.5084	1.8709	0.3010	-1.0494	-0.1469
-0.7613	-0.4023	-0.1213	0.1699	2.2774	0.2846
-0.6887	-0.2665	-0.1251	0.0787	2.1003	0.2421
-0.3317	-0.3246	0.0726	-0.0454	1.6867	0.2563
-0.6228	-0.1088	1.5089	0.5206	-0.2619	-0.1670
-0.6565	0.0861	1.1835	0.5740	-0.2889	-0.1442
-0.6077	0.0350	1.2385	0.4364	-0.3157	-0.1331
0.1348	0.5381	-0.2233	0.6037	-0.9132	0.0895
0.0935	0.5085	-0.1777	0.3663	-0.8583	0.0839
-0.1238	0.3098	0.4325	-0.0521	0.0258	-0.1485
-0.1833	0.9921	-0.4116	0.6707	-1.0038	-0.0155
-0.0676	0.5234	-0.3090	0.5429	-0.7742	0.0133
-0.2596	-0.3211	-0.6750	0.6240	0.4611	0.5610
-0.2451	-0.4079	1.0022	0.5028	0.7646	-0.2655
-1.0694	-0.6377	-0.2132	0.3884	3.6864	0.2519
-0.5045	-0.2264	-0.0172	0.2025	1.7312	0.0800
-0.5523	-0.1869	-0.2919	0.2655	1.8135	-0.1392
0.2172	0.6783	-0.2160	-0.0859	-0.5322	0.1639
0.2053	0.6303	-0.2975	0.0824	-0.6747	0.1734
2.3016	0.6497	-0.8465	-0.3401	-1.3650	0.3390
-0.1858	-0.8360	0.0613	3.2916	-0.3598	-0.6707
-0.4973	0.1278	-0.7288	1.1918	0.9451	-0.3493
-0.2122	1.0145	-0.3602	0.2845	-0.3074	-0.2296
-0.3321	-0.3593	-0.8221	-0.7848	0.1304	1.9487
0.0164	-0.2981	-0.1458	2.1254	-0.2387	-0.4320
-0.2933	0.2386	0.7489	-0.3185	0.2348	0.1471
-0.2254	-0.3201	-0.3352	-0.0654	0.6991	0.8282
-0.2618	-0.2587	1.8559	0.1689	-0.3571	0.0010
-0.7830	-0.5487	0.0542	0.0053	2.8138	0.1631
-0.8333	-0.3917	-0.5900	0.1761	2.7333	0.2393
-0.6328	-0.2357	-0.4259	0.1142	1.8865	0.1766
-0.0414	0.8836	0.4137	-0.4216	-1.2308	0.2107
-0.2240	0.1722	-0.7130	-1.2464	-1.2339	2.7644
-0.3135	-0.1933	0.3825	-0.1598	0.2691	0.2927
-0.4976	-0.2580	0.8618	-0.2796	0.4628	0.4450
-0.3289	0.1823	1.1188	-0.2763	0.1823	0.0837
-0.4961	-0.0737	2.2843	0.2514	-0.2948	-0.3245
0.2369	0.1715	1.6752	-0.3890	-1.3894	-0.2858
0.2263	0.1498	1.5153	-0.3930	-1.3669	-0.4182
-0.7391	-0.2289	1.7733	-0.0746	0.4771	-0.1882
-0.1777	-0.3568	0.3978	2.0081	-0.2604	-0.3027
-0.5003	-0.1407	-0.2252	1.8065	-0.0529	0.1273
0.0776	-0.5302	-0.5935	-0.2040	1.4861	0.5506
-0.2455	-0.4450	-0.0515	2.0907	-0.0294	-0.3602
0.2067	1.0471	-0.2947	-0.0143	-0.8633	-0.1983
-0.1610	-0.5821	-0.5722	-0.0397	0.3552	1.5803
-0.0548	-0.3914	0.4565	0.0403	-0.0988	0.5096
-0.1005	0.8572	-1.0078	0.2045	-0.6245	1.0632
0.4056	-0.3202	-0.4569	0.1068	-0.2024	0.9195
-0.5178	-0.1512	0.0049	0.1864	1.3300	0.1133
3.3294	-1.0871	-0.6151	-0.7295	-1.7274	0.1016
3.2178	-0.7905	-0.6038	-0.8350	-1.7525	-0.0615
2.9727	-0.7190	-0.5450	-0.7675	-1.6489	-0.1030
-0.4129	1.1019	-0.4802	0.1248	-0.4312	-0.0455
-0.5450	1.4988	-0.6701	0.2824	-0.4943	-0.0470
-0.4894	2.4233	-0.8934	-0.3263	-1.0455	0.3455
-0.2568	1.2090	-0.8088	0.2610	-0.3545	-0.1618
-0.6435	2.0056	-0.7694	0.1605	-0.6712	0.0242
-0.2471	0.0585	-0.4962	-0.5734	-0.7326	1.9285
-2.0348	-1.0462	-0.1350	0.7316	6.1229	0.4437
-0.5004	-0.1784	0.1355	0.2306	1.2639	0.0133
-0.1427	0.1148	0.1912	-0.0824	0.0160	0.1461
-0.1996	2.0542	-0.8050	-0.3601	-0.6804	0.4626
0.0003	1.9088	-0.5868	-0.3192	-0.7568	0.2719
0.1803	-0.2082	-0.2049	0.0619	-0.1111	0.5976
-0.1383	0.5305	-0.6452	0.3472	0.2009	0.1113
-0.0711	0.5052	-0.5960	0.1285	0.4798	0.1865
-0.0936	0.4640	-0.7627	0.2627	0.5690	0.2899
-0.2015	-0.5687	2.6753	0.3144	-0.3125	-0.2155
-0.1880	-0.1556	-0.6903	1.7927	-0.6113	-0.1746
-0.5354	-0.3278	1.3950	0.1424	0.5303	0.0431
-0.4508	1.5554	-0.6512	-0.1551	-0.6644	-0.0900
0.4547	1.5601	-1.2905	-0.5876	-0.9451	0.7472
0.7003	1.6478	-1.3468	-0.5972	-1.0946	0.6300
0.2369	1.4605	-1.0938	-0.3365	-0.8065	0.5673
0.2037	1.2969	-0.9919	-0.3609	-0.6926	0.3615
0.9876	1.3728	-1.4113	-0.4854	-1.3273	0.6397
0.3504	1.6834	-1.4068	-0.6992	-0.8062	0.7100
0.3931	-0.1750	0.2601	0.0530	0.0198	-0.1691
-0.0447	0.6050	-1.2669	-1.4054	-1.4207	3.0006
-0.1182	-0.0263	-0.4165	0.2112	0.4788	0.2694
-0.2761	-0.3594	1.1212	0.2118	0.1928	-0.1530
-0.4031	-0.7955	2.5611	0.3397	0.2760	-0.2201
-0.5381	-0.1996	0.0106	0.3241	1.1590	-0.0475
0.5131	0.8709	-0.6414	0.0208	-0.8520	0.2014
-0.4799	2.5023	-1.1680	-0.3662	-1.1334	0.1842
-0.4068	1.8095	-0.8185	-0.1886	-0.8206	0.0922
-0.4426	1.0602	-0.3366	0.4765	-0.4277	-0.2830
-0.4918	-0.2315	-0.1828	1.7232	-0.1169	-0.1940
-0.9821	-0.0612	0.2119	1.2085	1.6429	-0.3620
-0.5374	-0.1516	-0.0449	0.1928	1.4922	-0.0388
-0.2525	0.3677	-0.0952	0.2967	0.0400	0.0376
-0.4424	0.3444	0.6422	-0.3837	-0.6569	0.3629
-0.1054	2.2900	-0.8723	0.4428	-1.3874	-0.3936
-0.3417	1.2962	-0.4431	0.6659	-0.5703	-0.2739
-0.3998	1.8927	-0.6858	0.7118	-0.8650	-0.4051
-0.1354	1.0088	-0.4208	0.4593	-0.7931	-0.0200
-0.3605	-0.1936	0.5446	-0.1496	0.4242	0.2439
-0.1409	-0.1089	-0.3292	1.4717	-0.0899	-0.3552
-0.1141	-0.1332	2.0300	-0.1472	-0.7303	-0.0840
0.1699	-0.0477	1.7919	-0.1361	-1.1225	-0.0194
-0.9132	-0.6266	0.1980	0.0614	3.0971	-0.0606
0.2218	-0.3830	1.7791	0.0301	-0.6132	-0.2550
0.0795	-0.0415	0.9798	-0.1653	-0.5190	-0.0679
-0.0371	-0.2262	1.6870	-0.0927	-0.4465	-0.0913
0.0110	-0.1551	2.5316	-0.3961	-1.6746	-0.1709
-1.0929	1.7175	-0.4141	-0.3715	-0.1510	0.4037
-0.9726	1.6710	-0.5158	-0.3469	-0.1026	0.3481
-1.2121	2.0194	-0.5871	-0.4023	-0.1748	0.4275
-0.1904	0.2316	-0.3483	0.1310	0.4120	0.0789
-0.1313	0.4748	-0.4150	-0.5685	-0.0503	0.8692
-0.3565	-0.3280	-0.2240	-0.1800	1.1729	0.4471
0.1776	-0.5112	-0.8352	-0.5430	0.0834	2.1699
0.0022	-0.6447	-0.5881	-0.3904	0.1889	1.8729
0.1287	-0.3592	-0.3411	0.0159	0.2941	0.3665
0.3584	-0.4434	-0.3099	-0.1725	-0.0764	0.9834
-0.1929	-0.4356	-0.5771	0.3214	0.7358	1.0600
0.0474	-0.8657	-0.5199	-0.1118	2.1620	0.6779
-0.4934	0.3508	0.8109	-0.1427	0.7635	-0.1111
1.1355	0.3757	-0.0401	-0.4431	-0.8848	-0.1117
-0.2022	-0.3090	-0.7192	-0.1114	-0.7986	2.8237
-0.2022	-0.3090	-0.7192	-0.1114	-0.7986	2.8237
1.3761	0.0681	-0.4710	0.0008	-0.8903	0.0589
0.1122	1.3250	-1.0966	0.3837	-0.8028	0.0112
0.1145	1.1894	-1.2336	0.8215	-0.9405	-0.0785
-0.3805	1.4089	-1.2234	0.7692	-0.4356	0.0232
-0.4071	0.9643	-0.8837	0.6590	-0.0639	0.0250
0.0049	1.5079	-1.0215	0.1937	-0.7352	-0.0476
-0.2326	1.6771	-0.5848	-0.2491	-0.6226	0.1798
0.0824	-0.0976	-0.5779	-0.3558	-0.2422	1.3955
0.0619	1.0921	-0.4929	-0.1773	-0.7266	0.1174
0.1805	1.1412	-0.6097	-0.2112	-0.6944	0.0822
-0.2406	-0.0734	1.5708	0.0201	-0.1104	-0.0039
-0.3102	-0.1590	0.0663	-0.0002	1.2624	0.0859
-0.5433	-0.2942	-0.1596	0.1691	1.9846	0.1658
-1.1803	-0.6162	-0.3918	0.3546	3.8838	0.3384
-0.0870	-0.8797	0.0133	-0.2483	1.4549	0.6638
-0.8587	-0.2171	-0.1416	0.2529	1.7317	-0.1408
-0.6036	-0.3728	3.3911	0.1065	-0.3105	-0.3791
-0.3412	-0.1726	-0.2740	-1.0932	-0.2572	2.4304
0.4511	-0.3643	0.8245	-0.3770	-0.4306	0.1597
-0.3334	-0.1461	0.4093	0.1038	0.4467	0.0795
-0.3253	-0.2379	0.3431	0.1709	0.8040	-0.1245
-0.5795	-0.4077	0.9362	-0.0352	0.5103	0.1973
-0.1779	0.7230	-0.1005	0.4426	-0.1977	0.1088
-0.7303	-0.3971	-0.4137	0.0713	2.4644	0.2466
-0.8895	-0.2761	2.9018	0.2835	0.1091	-0.3408
-0.8493	-0.3909	-0.3597	0.0188	2.4919	0.2870
-0.2947	-0.4310	3.6050	-0.1961	-1.1571	0.0588
-0.2521	-0.4196	3.3014	-0.2135	-1.0958	0.0714
-0.9362	0.1099	-0.4352	0.4698	2.3026	-0.3286
-0.2069	0.5345	-0.3911	0.9261	-0.1286	0.0408
0.0409	-0.2417	-0.5329	1.8204	0.1086	-0.4270
-0.2213	-0.5227	3.2906	-0.2431	-0.7204	-0.2213
-0.2343	-0.4710	3.2042	-0.2486	-0.6721	-0.2366
-0.2059	-0.3300	2.4514	-0.1654	-0.4721	-0.2077
-0.2134	-0.5224	3.1502	-0.2297	-0.7512	-0.1269
-0.3215	-0.1218	1.3869	-0.3353	-0.0174	0.1622
-0.5888	0.0495	0.7612	-0.1121	0.4404	0.3094
-0.8603	0.0332	1.1776	-0.1824	0.8719	0.3823
-0.5693	0.1914	0.4861	-0.1354	0.7347	0.1840
-0.1297	-0.2896	1.7939	0.2364	-0.4991	0.1652
0.6749	-0.2029	0.6318	-0.4036	-0.6017	0.0878
0.1691	0.3219	-0.3647	-0.3501	-0.5452	0.8369
0.0854	-0.0240	0.7693	0.2222	0.1923	-0.1065
-0.1045	-0.3679	1.4825	0.0729	0.1733	-0.0129
-0.4224	-0.2250	1.0329	0.4094	-0.1472	0.2364
-0.2066	1.4159	-0.4790	0.4459	-0.7129	-0.3288
0.2910	0.9427	-0.5168	-0.3128	-0.6114	0.4463
0.3712	0.7765	-0.5734	0.2956	-0.9872	0.1879
-0.1468	-0.1747	-0.5663	-0.1887	0.5116	0.8905
-0.3594	-0.3222	-0.6819	-0.1699	1.0435	1.0313
-0.1831	-0.2868	-0.5395	-0.2179	0.5695	0.9361
-0.5979	-0.1851	-0.2168	0.0238	1.9903	0.2229
0.0826	-0.7518	-0.5224	2.4351	-0.5434	-0.1958
-0.4186	-0.1228	1.3648	0.3559	-0.1959	-0.2009
-0.7174	-0.4850	-0.4158	0.3952	2.5690	-0.1340
-0.4488	-0.2751	-0.1492	0.5828	1.4920	-0.0589
-0.2471	-0.2608	-0.0714	-0.3782	0.0742	1.1569
0.5973	-0.5612	2.2275	-0.2215	-0.3561	-0.6384
-0.4176	-0.3184	-0.0943	0.0478	1.7298	0.0460
0.4035	0.2409	-0.9003	0.3393	-0.5416	0.5318
-0.1289	-0.1651	1.1349	0.0668	-0.0677	-0.1897
-0.2331	-0.2019	-0.1323	-0.1248	1.2011	0.4715
-0.6465	-0.1150	0.6416	-0.0706	1.3719	0.4899
-0.4418	-0.3012	0.1394	-0.1228	1.8123	0.3208
-0.4391	-0.5302	-0.2225	0.1341	2.2088	0.2308
0.9887	-0.1275	-0.1199	0.0296	-0.9729	0.3200
-0.3670	-0.2799	-0.3452	0.1210	1.5176	0.1824
-0.0834	-0.3822	0.0809	1.1118	0.0586	0.1369
0.1192	-0.1965	-0.5342	1.2105	-0.1992	0.2167
0.0860	0.1293	0.3671	-0.0305	-0.0148	-0.0538
-0.4125	-0.1184	1.2086	0.0310	0.1425	0.1041
-0.6893	1.2413	-0.1806	0.3095	-0.3721	-0.1338
-0.1628	-0.1441	-0.3723	0.3406	1.2367	-0.0943
-0.1829	-0.0089	-0.5767	0.6993	-0.3247	0.6895
-0.8437	-0.4861	0.0927	0.1359	2.4586	-0.0742
-0.4466	-0.2062	-0.1553	0.1484	1.6526	0.0365
-0.7478	-0.8083	-0.9730	-0.0363	3.1556	1.1703
-0.5970	1.7881	-0.7443	0.2954	-0.9395	-0.0375
-0.4246	-0.4521	-0.5589	-0.3496	1.2360	0.9134
-0.4220	-0.5235	0.3884	0.7995	1.3517	-0.2621
-0.4839	-0.5600	0.2987	0.8762	1.5864	-0.2678
-0.7002	1.1799	-0.1243	0.6167	-0.5173	-0.1919
0.2052	-0.3522	-0.7728	-0.4746	-0.3768	1.6823
-0.3045	0.0432	-0.4194	0.5733	0.9183	0.0962
-0.1372	0.0714	-0.2181	0.4211	0.5475	-0.0857
-0.3495	1.5373	-0.3721	0.4867	-0.7979	-0.3554
-0.0892	-0.2283	-0.5394	-0.4950	0.0505	2.0396
0.6551	0.3894	-0.0689	-0.0311	-0.5089	-0.1642
1.2523	-0.4043	0.1642	-0.1762	-0.0951	-0.0428
-0.4134	-0.3043	3.0047	0.2811	-0.7300	0.0631
1.9778	0.4795	-0.5361	-0.4408	-1.0266	0.3224
1.6881	0.6255	-0.8787	-0.0312	-1.2062	0.1123
-0.3557	1.4721	-0.6333	-0.1184	-0.7203	0.0969
-0.7787	-0.3932	-0.1967	0.3277	2.7056	0.0549
-0.6023	-0.2896	-0.1601	0.2020	2.1013	0.0598
-0.0292	0.3294	0.9806	0.0456	-0.0934	-0.2402
-0.8638	-0.4718	-0.2587	0.4117	2.7803	0.1791
0.2381	0.9989	-0.5058	-0.2239	-0.7145	0.0350
-0.0468	1.4872	-1.2673	0.3767	-0.7835	-0.0742
0.1897	0.3011	0.2637	0.4964	-0.1294	-0.3740
0.2325	0.3728	0.2618	0.4846	-0.1730	-0.4046
0.7353	0.8910	-0.4691	0.2128	-1.0168	0.1745
0.8505	1.8132	-1.0746	0.1925	-1.8057	0.7122
0.3783	0.5404	-0.4761	0.1089	-0.8606	0.3981
0.0921	-0.1618	-0.5453	-0.2482	-0.2996	1.2481
-0.0151	0.0443	-0.2291	0.0450	0.9629	-0.0612
1.7397	0.2526	-0.3905	-0.1953	-1.2570	-0.3091
0.1757	0.3311	-0.8794	-0.4866	-0.5294	1.2952
0.6023	0.1719	-0.6534	0.1760	-0.4731	0.5101
0.0296	0.1261	-0.1538	1.0603	-0.7241	0.0608
-0.3014	1.5913	-1.0519	-0.2364	-0.5833	0.3011
-0.4270	1.5658	-0.9221	-0.2507	-0.5691	0.3640
-0.5527	1.6146	-0.5311	0.1706	-0.5456	-0.0046
-0.6153	2.5652	-1.3551	-0.1183	-1.2578	0.4531
-0.4679	-0.1555	-0.0530	2.0630	0.2619	-0.7292
-0.1535	-0.2613	0.4508	-0.0698	0.3190	0.2004
-0.7221	2.0354	-0.7840	0.1578	-1.1676	-0.0087
-0.5111	1.2229	-0.2740	0.0983	-0.5492	-0.0119
0.1309	0.8008	-0.5349	-0.0587	-0.2215	0.2630
-0.1327	1.0655	-0.4566	0.1270	-0.2178	-0.1040
-0.0385	1.2174	-0.6105	-0.1529	-0.7071	0.2694
-0.3263	-0.1974	-0.1675	2.2732	-0.5214	-0.2386
-0.1332	-0.0928	-0.4679	1.6002	-0.1541	-0.3067
-0.5790	-0.4737	0.1351	0.0680	2.3509	0.0743
-0.8167	-0.6393	0.3368	0.0771	2.7568	0.2670
0.0655	0.3455	-0.0423	-0.0296	-0.3964	-0.1175
-0.2865	-0.4208	0.2688	0.2171	0.7654	0.7165
-0.4690	-0.3763	-0.2467	-0.0454	1.4803	0.4398
0.2200	1.7874	-0.8551	-0.4122	-0.8435	0.4853
0.1280	-0.8084	-0.8517	-0.3147	0.6139	1.6995
0.0877	2.2715	-0.8129	-0.2780	-0.9304	0.1970
-0.7083	-0.4012	-0.4793	0.2232	1.6408	0.4042
-0.5494	-0.5399	0.3729	0.1016	1.8791	0.0989
-0.1180	1.9616	-0.5541	-0.3447	-1.1433	0.0427
-0.3063	-0.3324	-0.2810	-0.2279	1.0371	0.5321
-0.1536	1.1279	-0.5582	0.0422	-0.3558	-0.1399
0.6037	0.3764	-0.0536	-0.2033	-0.5186	0.0792
0.6345	0.3947	-0.0678	-0.2630	-0.5197	0.0824
2.3172	-0.1356	-0.3388	-0.5869	-1.5239	-0.0798
2.1256	-0.6320	-0.5101	-0.3917	-1.1421	0.1862
0.0727	-0.2286	-0.3371	1.2197	0.1255	-0.2634
-0.0734	1.0935	0.5271	-0.6108	-1.5051	0.2323
-0.9551	-0.4716	-0.1964	0.3133	2.9316	0.2826
-0.5336	-0.1551	1.8220	-0.0001	0.0074	-0.1815
-0.7076	-0.2999	-0.0369	0.1957	2.1963	0.1655
0.0622	-0.4455	-0.1479	0.0023	0.0452	1.2575
-0.1324	-0.2427	-0.2341	-0.8275	-0.0344	1.7053
0.2983	-0.1837	0.7291	-0.3527	-0.6060	0.0315
-0.2337	-0.4493	-0.2028	1.9420	0.0955	-0.0068
-0.0137	-0.3366	-0.9998	-0.6700	-0.9301	2.8221
0.0241	-0.3376	-0.8535	-0.6247	-0.7865	2.6845
-0.0455	1.2564	-0.5931	-0.1196	-0.5398	0.0043
-0.0770	1.4175	-0.6476	-0.1868	-0.6794	0.1224
-0.3504	-0.1410	0.0061	0.1512	1.3305	-0.1384
-0.9921	-0.5070	-0.0799	0.3705	2.8801	0.0166
-0.6482	-0.4118	-0.4341	0.2619	2.4070	-0.1576
-0.6640	-0.4260	-0.4671	0.2553	2.4773	-0.1453
-0.0796	-0.0075	0.1709	0.8543	-0.0395	0.0441
0.1740	0.4326	-0.3575	0.7968	-0.4385	0.0154
0.0275	0.1014	-0.2493	1.3902	-0.2273	-0.1333
-0.0913	-0.1113	-0.4442	-0.2963	-0.3005	1.3051
-0.3392	-0.6225	0.0118	0.3011	1.4146	0.1238
-0.2834	-0.6629	0.0291	0.3421	1.3230	0.0733
0.0307	-0.4544	2.6112	0.3176	-1.2391	0.0670
-0.0460	-0.2971	1.5690	0.3446	-0.7584	0.0292
-0.3473	-0.2167	-0.3419	0.2266	1.3459	0.1036
-0.0605	0.6566	-1.2539	-0.8950	-1.0485	2.2168
-0.5411	-0.3649	0.0211	0.1713	1.8415	0.0239
-0.0734	-0.1372	1.2422	0.2110	0.2296	-0.3067
-0.1392	-0.2492	-0.2201	1.5363	-0.2605	-0.0456
-0.5177	-0.2456	-0.0817	0.2179	1.7612	0.0922
0.1240	0.8987	-0.5753	-0.1913	-0.7342	0.1414
0.0527	0.8856	-0.5435	-0.1614	-0.6473	0.0968
0.7302	-0.6273	0.4406	-0.1972	-0.4201	0.3175
0.6330	-0.6655	0.7134	-0.1039	-0.3617	0.2872
-0.5229	-0.4324	-0.7348	0.0433	1.4606	0.7323
0.0376	0.9288	-0.5184	-0.0413	-0.6188	0.1534
0.0172	0.6427	-0.5185	1.3087	-0.9584	-0.4082
0.0041	0.2429	-0.6983	1.6542	-0.8320	-0.3055
0.6743	0.8736	-0.7562	-0.2237	-0.5481	-0.2100
-0.8150	1.3665	-0.9026	0.7691	0.4910	-0.1290
-0.7574	1.1085	-0.8350	0.6086	0.6603	-0.1694
-0.4632	0.1161	1.6235	-0.0969	0.1023	-0.2277
-0.2274	-0.3376	2.2232	0.6017	-0.6906	-0.4488
0.2431	-0.5330	-0.6225	-0.1036	0.3650	0.8640
0.3374	-0.7303	-0.8808	-0.2107	0.3379	1.4057
0.4506	-0.2852	-0.9049	0.4813	-0.7922	0.9955
-0.5194	-0.0969	-0.2413	0.2250	1.3123	-0.0306
-0.6668	-0.2608	1.4905	0.3898	0.2719	-0.2338
-0.0596	-0.0264	-0.0754	2.1677	-0.3139	-0.5212
-0.3572	-0.1895	-0.1225	2.0326	0.1051	-0.5578
0.0141	0.8988	-0.3939	-0.1665	-0.6364	0.2007
-0.2594	0.0851	1.4743	0.0090	-0.2620	0.1852
0.1499	-0.5339	1.9856	0.3657	-0.8740	-0.0931
-0.1935	-0.4496	0.3446	0.0794	0.5210	0.4568
-0.5449	-0.4556	1.0575	-0.1221	1.2370	-0.0641
-0.3256	0.2512	1.1264	-0.3451	-0.3383	0.7799
-0.0749	0.1255	1.4148	-0.1148	-0.5013	0.4959
-0.1119	-0.4813	-0.1984	2.1059	-0.2741	-0.2959
-0.0944	-0.2048	-0.1567	1.7824	-0.1620	-0.2263
0.1854	0.0303	-1.0474	0.7839	-0.5585	1.0486
-0.2038	0.1663	1.0431	0.2362	0.5438	-0.2545
-0.3550	-0.1301	-0.0349	-0.2579	0.6467	0.4842
-0.0975	0.3541	0.6205	-0.0419	0.2083	-0.1755
-0.1886	-0.4144	2.3764	0.1659	-0.5544	0.1013
1.0493	-0.4230	-0.6025	0.8177	-0.7915	0.1842
-0.3058	-0.1945	-0.3025	2.6256	-0.2157	-0.6180
-0.3508	-0.1156	0.4930	-0.1083	1.0266	0.0904
-0.4708	0.2798	0.8640	0.4702	0.0378	-0.1890
2.0883	-0.4713	-1.1483	-0.1072	-1.1811	0.1951
2.0845	-0.2474	-0.8665	-0.1051	-1.3614	0.0344
-0.5090	-0.4061	-0.4468	0.1093	1.3902	0.4762
-0.7168	-0.3827	-0.2264	0.0908	1.6315	0.6078
-0.1064	-0.6792	-0.5715	1.5225	0.4957	0.0263
-0.4977	1.4991	-0.6953	0.4036	-0.2606	-0.1024
0.5449	0.0593	0.4646	-0.4587	-0.9140	0.3171
0.2484	-0.6816	0.1362	-0.8422	-1.0383	1.6775
0.1045	-0.7213	-0.0089	-0.8271	-0.8654	1.7513
-0.0319	0.8856	-0.6996	0.0897	-0.7220	0.1971
-0.6425	-0.4245	-0.3406	0.0828	2.2074	0.3655
-0.1331	1.0687	-0.7046	0.0582	-0.7321	0.1707
-0.5538	-0.5046	-0.3226	0.3358	2.2721	0.1900
-0.3830	-0.2342	-0.0823	0.2213	1.3272	-0.0031
-0.2460	-0.1698	-0.0207	0.0646	1.2186	0.0959
0.4380	-0.3374	-0.8014	-0.4778	-0.3379	1.6032
-0.2451	-0.3860	1.7253	-0.0700	-0.1095	-0.1206
-0.3950	-0.3277	2.0910	-0.0626	-0.0740	-0.0845
-0.6946	-0.3462	3.3303	-0.2520	-0.1231	0.0214
0.0376	-0.2496	0.0285	-0.2728	0.5748	0.3852
0.0076	-0.3279	2.4708	0.5261	-0.9075	-0.2549
2.5088	-0.6770	-0.8373	-0.1965	-1.4678	0.9895
2.3171	-0.5071	-0.8433	-0.1790	-1.3043	0.6582
-0.1280	-0.1592	2.0650	-0.0868	-1.1253	-0.3047
0.2256	-0.1496	1.4167	-0.1591	-1.0032	-0.1143
-0.2821	-0.6472	-0.5993	-0.0280	1.1057	1.1659
-0.7463	-0.5420	0.1784	0.2029	2.3521	-0.1791
-0.6169	-0.4338	0.4542	0.1492	1.3812	-0.1245
0.0288	-0.5022	-0.6485	0.2158	-0.2814	0.9908
-0.3918	-0.4087	-0.4555	0.0853	1.7556	0.2648
0.3112	-0.7166	-0.0754	-0.1272	1.6642	0.3076
-0.3050	-0.1967	-0.0375	0.0285	0.6931	0.5624
-0.4283	-0.0815	-0.1410	1.3870	0.0714	0.0457
-0.1376	-0.0498	-0.1165	0.2820	0.5811	0.1577
-0.2129	0.5719	-0.3262	1.0107	-0.3908	-0.3038
-0.3886	0.0821	0.9609	-0.1224	-0.0062	0.2154
-0.4905	-0.2447	2.0329	0.1035	-0.1692	-0.0222
-0.2058	-0.0649	2.6085	-0.1347	-0.4537	-0.1646
-0.6118	0.6319	-0.7862	0.2450	1.4798	-0.1361
-0.4686	-0.3954	0.2370	0.2519	1.6551	0.1301
0.1228	-0.4725	-0.4417	-0.3378	0.2456	0.9758
0.0315	0.2739	-0.3910	0.2088	-0.3844	0.3406
-0.3759	0.3924	0.9479	0.0130	-0.6420	-0.1166
-0.1014	-0.3741	-0.3715	2.6430	-0.5771	-0.6542
0.0005	1.4163	-0.7263	-0.1133	-0.9418	0.2173
0.1694	-0.1249	-0.1417	1.2865	-0.7196	0.0860
-0.6063	-0.3420	-0.4420	-0.3817	1.4101	1.0100
-0.3422	-0.4230	-0.5784	-0.1766	1.3106	0.9292
-0.2749	-0.7004	-0.7178	-0.0545	1.6130	1.0691
-0.1332	-0.4642	-0.2163	-0.1820	1.2658	0.4414
-0.2414	0.1775	-0.6544	-1.0983	-0.9493	2.8691
0.2006	0.3959	-0.2150	0.3111	-0.8023	-0.0742
-0.1495	-0.0606	-0.0619	1.0312	1.1882	-0.4313
-0.1820	1.8175	-0.7744	0.0270	-0.6339	0.2540
0.5978	-0.2629	-0.3830	-0.1644	-0.3916	0.7663
0.8614	-0.4432	-0.2866	1.2198	-0.5099	-0.3471
-0.1602	1.6011	-0.9711	-0.3278	-0.7356	0.2531
0.0450	-0.4374	-1.1773	-0.7959	-1.0672	3.3815
0.0885	-0.2861	-0.6623	-0.5671	-0.5762	1.9597
-0.5526	-0.3584	-0.1820	0.1820	2.0499	0.1657
-0.8305	-0.5718	-0.2734	0.3486	3.1019	0.0834
-0.6458	-0.7553	-0.3421	0.1472	3.1273	0.3392
-0.7835	-0.4293	-0.2556	0.2726	2.6260	0.2407
-0.6305	-0.3376	-0.2253	0.2970	2.1891	0.1041
0.0214	-0.3038	1.3861	0.0448	-0.5200	0.0314
-0.5032	-0.0972	0.1145	0.0595	0.7390	0.4879
0.2317	-0.2876	0.9682	-0.1356	-0.5246	-0.0163
0.6466	-0.3248	1.5242	-0.4333	-0.9758	-0.0460
-0.4233	-0.4762	-0.4779	0.2632	1.7679	0.2975
-0.6294	-0.4837	-0.2332	0.2784	1.8161	0.1352
0.8006	0.3154	-1.0439	0.6428	-0.8719	0.1468
0.0417	-0.2101	-0.3251	-0.1382	0.0658	0.9239
-0.1538	-0.5574	-0.5510	0.0436	1.1886	0.7857
-0.0718	-0.2104	1.3840	0.1078	-0.0288	-0.2630
-0.2807	0.0204	0.3854	-0.0492	0.4822	0.0911
-0.2228	1.0978	-0.5597	0.3681	-0.4902	-0.0994
-0.7358	-0.4947	-0.5009	0.4521	2.8681	-0.1832
-0.3935	-0.2640	-0.4556	0.1449	1.7908	0.2072
-0.3935	-0.2640	-0.4556	0.1449	1.7908	0.2072
0.5292	-0.2554	0.4291	0.0108	0.4085	-0.0646
-0.2498	-0.3514	-0.1801	1.6300	-0.0132	-0.1207
-0.5183	0.4073	-0.3265	0.4039	0.5419	0.0043
0.2209	1.2011	-0.7050	0.0943	-0.9755	-0.0383
-0.3407	-0.3763	1.7246	0.0319	-0.2662	0.1850
-0.4309	-0.3438	3.2363	0.1662	-1.4363	-0.3779
-0.0407	-0.3198	0.0266	1.1339	1.2762	-0.4310
0.0092	1.1863	-1.0891	0.5071	-0.6249	0.0125
-0.6428	1.7352	-0.6715	0.4205	-0.4281	-0.1082
-0.0681	0.3685	0.0902	-0.0322	0.0816	0.0752
-0.7196	-0.4782	0.7101	0.0232	1.3211	0.1073
-0.3438	-0.3329	-0.1136	-0.1549	1.7920	0.2272
-0.4232	-0.5943	-0.6451	0.2812	0.9558	1.0482
0.0579	-0.1050	2.0761	0.0658	-0.8247	0.1462
-0.1501	-0.1977	-0.8806	-0.9073	-0.6468	3.0434
0.1334	1.5050	-1.2068	-0.1304	-0.6583	0.4751
-0.5121	0.2382	-0.0387	1.2057	0.0687	0.1425
-0.1010	-0.4324	-0.5436	-0.1560	0.5346	0.9230
0.3980	-0.1855	0.0866	0.0305	-0.2023	0.3064
0.0459	-0.2040	-0.8188	-0.4689	-0.4485	1.8923
-0.0246	-0.2399	2.0912	0.3250	-0.6821	-0.2377
-0.2523	0.4754	-0.2094	1.0458	-0.5067	-0.2343
-0.1072	0.1600	-0.2329	1.1596	-0.2423	-0.1493
1.0991	0.4007	-0.2859	-0.3298	-0.9697	0.0893
0.1901	-0.2980	-0.3018	-0.0932	-0.2220	1.0238
-0.3313	-0.2124	-0.1430	0.0922	1.3312	0.1643
-0.3283	-0.2122	-0.7051	0.2967	1.2056	0.2952
-0.3201	-0.3372	-0.5567	0.3135	1.3718	0.4155
0.0652	-0.2117	1.3844	-0.0398	-0.6405	0.0235
0.6818	-0.0660	1.0317	-0.4150	-1.4561	0.0787
-0.2599	-0.2778	2.1781	-0.2284	-0.2500	0.0327
-0.5726	-0.2540	1.5478	-0.0777	0.0973	0.1062
0.6400	0.4231	-1.0801	-0.5580	-1.2290	1.4240
-0.2714	-0.1943	0.6454	-0.1347	0.4457	0.3502
0.4650	0.8323	-0.6801	-0.1491	-0.8438	0.2616
0.4894	0.7925	-0.5901	-0.1837	-0.8450	0.2397
0.8096	0.9129	-0.8755	-0.2661	-1.1548	0.4464
-0.6251	-0.2229	2.3217	0.0985	0.1304	-0.2346
-0.6987	1.8484	-0.5774	0.1454	-0.9611	-0.0967
-0.7523	-0.2020	0.0173	0.2216	1.9914	0.0559
-0.7098	-0.0487	-0.3869	0.0131	2.2795	-0.0122
-0.6976	-0.1215	-0.3652	0.0558	2.1767	-0.0310
-0.3363	1.1690	-0.3452	0.0490	-0.1195	0.2214
0.1157	0.5409	-0.8010	-0.1170	-0.5551	1.0028
-0.1037	-0.3648	-0.2879	0.0633	1.1617	0.1986
-0.1309	0.3821	0.0141	0.0534	0.3546	0.1090
1.4782	0.2576	-0.8297	-0.1436	-0.9989	0.3570
0.1017	1.5763	-0.4040	-0.2726	-0.9924	-0.0546
-0.1757	-0.1716	-0.3361	0.6221	0.7118	0.2524
-0.5069	-0.1771	2.0605	0.0223	0.0304	-0.1645
0.2910	0.5274	-0.6865	-0.3201	-0.6903	1.0832
-0.1873	0.9969	-0.8518	0.0202	-0.5282	0.5868
0.1057	1.2518	-0.4851	-0.2845	-0.3628	0.2364
0.0870	-0.5534	-0.1096	1.7058	-0.1643	-0.1732
0.1047	-0.5609	-0.2509	2.0382	-0.1803	-0.1733
-0.1547	-0.2167	-0.2909	0.5552	0.0718	0.7135
0.4469	1.5557	-0.9684	-0.4579	-1.1162	0.2713
-0.1642	0.0493	0.8357	-0.0324	-0.4006	0.2232
-0.9326	-0.1410	0.7944	0.1778	1.6609	0.0927
-0.1462	-0.2332	2.2620	-0.4160	-1.5313	0.0364
-0.3578	-0.5690	-0.3756	0.1066	1.7240	0.4430
0.1384	-0.5278	-0.4550	1.5611	-0.5448	-0.0739
0.1363	-0.5660	-0.4945	1.9620	-0.6432	-0.1304
-0.1960	-0.7097	-0.0511	2.8647	-0.2474	-0.5933
-0.1608	-0.7156	-0.1459	3.1186	-0.2897	-0.6147
-0.2011	-0.1525	-0.1467	2.1371	-0.1213	-0.4720
-0.1544	-0.2050	-0.2084	2.8068	-0.4255	-0.6648
0.1166	0.2534	-0.2170	-0.2876	-0.2305	0.9256
-0.0677	0.1185	0.3791	0.1812	0.6244	-0.1525
0.8066	0.8135	-0.4723	0.0231	-0.8017	0.2429
0.5639	1.4448	-0.8663	0.2495	-1.2203	-0.0326
0.5519	0.8654	-0.4682	-0.0175	-0.6851	0.2589
0.5198	-0.0628	0.9745	-0.3477	-1.1579	0.1698
-0.0136	-0.4536	-0.4934	1.9503	-0.5141	-0.1660
-0.1116	-0.4502	-0.0622	1.9710	-0.1463	-0.3517
0.1247	-0.5766	-0.5856	-0.4340	0.1172	1.8882
-0.9929	-0.6408	-0.0272	0.3619	3.6392	-0.0102
0.3373	-0.4146	-0.4809	1.2424	-0.6909	0.2477
0.4826	-0.4335	-0.4448	1.2357	-0.7248	0.1545
0.4191	-0.2796	-0.5963	1.2375	-0.8014	0.2318
1.3087	0.1241	-1.1948	-0.3617	-1.5803	1.8224
-0.3880	0.9662	-0.5220	0.2706	-0.1939	0.1040
-0.8691	-0.2333	-0.3752	0.3476	2.6369	0.0134
-0.2767	1.4259	-0.7217	0.2941	-0.2886	-0.1996
-0.1267	1.3119	-0.8161	0.2385	-0.4867	-0.1451
-0.1552	1.1996	-0.3336	-0.1138	-0.7630	0.0104
-0.2164	1.5605	-0.4363	-0.1278	-1.0410	0.0530
-0.3755	1.6583	-0.6569	-0.3225	-0.7563	0.1984
-0.0923	1.2854	-0.2582	-0.0975	-1.0090	0.0390
-0.0750	1.2112	-0.2835	-0.0571	-0.9629	0.0479
-0.1929	1.6597	-0.5360	-0.0464	-1.1065	0.0987
0.2356	0.1698	-0.0344	-0.2975	0.1365	0.2385
0.3663	0.2071	-0.1396	-0.3037	-0.0765	0.1712
-0.1181	0.0017	-0.1668	1.7134	-0.4747	-0.4621
-0.0704	0.7739	0.6629	-0.4779	-1.3532	0.1994
-0.1351	1.1756	0.2185	-0.4252	-1.3208	0.2723
-0.2078	-0.8789	-1.0770	-0.4842	0.2760	1.6152
-0.2589	-0.3212	-0.2121	0.0006	1.5261	0.2278
-0.5896	3.0482	-1.4847	-0.4512	-1.3321	0.2876
-0.1056	-0.1360	-0.4171	-0.4813	-0.2342	1.5570
1.9247	0.0746	-0.8724	-0.0943	-1.4764	0.4138
2.0016	-0.0086	-0.8823	-0.0886	-1.3385	0.2468
-0.4930	0.1433	0.9921	0.0119	0.4127	-0.0546
0.7860	0.4644	-0.1646	-0.1920	-0.7153	0.0495
0.5906	0.4890	0.1000	-0.5088	-0.7787	0.1647
0.1827	-0.2662	-0.5883	-0.3972	-0.0888	1.4362
-0.5351	-0.3750	0.0802	0.0912	1.8082	-0.0565
-0.5022	-0.6846	0.2228	0.3566	1.2905	1.0125
-0.6278	-0.1450	2.2217	0.0756	-0.0637	-0.2287
-0.3268	-0.6207	-0.4535	-0.1484	2.7028	0.4405
0.0323	0.0247	-0.3903	1.5591	-0.7961	0.1106
0.1917	-0.5761	2.5365	-0.1272	-0.4417	-0.5491
-0.1383	-0.3540	-0.4174	0.2953	-0.1398	0.6697
-0.3210	0.7913	-0.0861	0.1001	-0.0331	-0.0180
0.1031	-0.5029	-1.2663	-0.4106	-0.0765	2.2761
1.9603	-0.4061	-0.7561	-0.1527	-0.9523	0.1369
2.6332	-0.3847	-1.0492	-0.1447	-1.5742	0.1184
-0.1892	1.0430	0.0189	0.0831	-0.7492	-0.1985
-0.1889	1.1212	-0.3037	0.0574	-0.6636	-0.1044
-0.0052	0.6857	-0.3401	-0.0917	-0.7106	0.3457
0.0167	-0.5522	-1.4987	-1.1495	-1.3294	4.5307
0.0362	-0.2622	-0.8037	-0.6191	-0.7209	2.4629
-0.2029	-0.0776	-0.5863	-0.8089	-0.8215	2.6900
0.0243	-0.1668	-0.6550	-0.3816	-0.6324	1.9273
0.1100	-0.3963	-0.7945	-0.5713	-0.7887	2.5490
0.1096	-0.4363	-0.9241	-0.6763	-0.8968	2.9381
0.1137	-0.4189	-0.8618	-0.6399	-0.8443	2.7816
2.1828	-0.5827	-1.3124	-0.2094	-1.2732	0.4066
0.0272	-0.1893	2.4107	-0.3546	-1.6466	-0.1571
-0.5181	-0.2562	0.3911	0.0834	1.3763	0.0490
-0.4257	-0.2445	0.2193	0.0525	1.4021	0.0512
1.0203	-0.0116	-0.9326	0.4054	-0.8529	0.7243
-0.5579	2.0151	-0.1897	-0.0832	-0.2234	0.1507
-0.1624	1.2135	-0.5604	-0.1331	-0.4499	0.0697
-0.3840	0.3306	-0.1987	0.9862	0.0736	0.1698
-0.0739	3.2830	-1.4025	-0.1451	-1.4839	0.5495
0.2038	-0.4953	-0.6229	1.6998	-0.3861	0.1083
0.8913	0.7629	-0.3422	0.1943	-0.8902	0.1670
-0.3500	-0.1716	1.7803	0.0252	-0.1644	-0.1516
-0.0062	-0.7700	0.0553	-0.0439	0.9897	0.6012
-0.2406	-0.5538	0.4310	-0.0704	1.0684	0.2181
-0.2728	-0.4191	0.1775	-0.1242	1.4815	0.2466
0.0439	-1.0128	-0.8986	0.3706	1.3998	1.1798
0.0036	0.6561	-0.9024	0.3184	-0.2248	0.4047
-0.5173	-0.3112	-0.5814	0.4752	2.5176	-0.1343
-0.5088	-0.1772	-0.2023	0.3957	2.0508	-0.0192
-0.1438	1.5519	-0.4782	-0.3581	-0.8049	0.2262
-0.5783	2.4320	-1.1111	-0.3876	-0.8598	0.4923
0.0070	0.0901	-0.4113	-0.6941	-0.5133	1.8048
-0.0257	-0.7604	-0.6645	-0.1455	-0.2447	1.9046
-0.2585	1.2235	-0.7334	0.3967	-0.1860	-0.2054
0.1681	0.3055	-0.6066	0.2442	-0.4707	0.5281
0.4940	0.6563	-1.1116	0.0686	-0.8598	0.9831
-0.5487	-0.3069	-0.5196	0.4618	2.5841	-0.1391
0.1051	0.0582	-0.3447	-0.0272	0.2361	0.2959
-0.1789	-0.1818	-0.4718	-0.8395	-0.6286	2.7105
-0.0126	-0.2404	-0.5854	-0.2658	-0.6003	1.9817
1.3043	0.4775	0.2639	-0.6406	-1.5361	0.1167
-0.4795	0.4239	0.6957	-0.1675	0.7889	-0.1646
-0.9480	-0.0231	0.0562	1.3531	1.6238	-0.4434
-0.1759	-0.1459	0.0878	0.7500	0.1982	0.1268
-0.5089	-0.4883	0.4596	-0.7067	0.0246	1.4846
-0.1010	-0.2958	-0.2882	0.4221	0.0828	0.9960
-0.5214	-0.2983	-0.0625	0.2466	1.1121	0.3122
-0.2576	-0.3508	0.0159	-0.0701	1.0623	0.4634
-0.2733	1.2597	-0.5046	0.2515	-0.6810	0.0300
-0.7535	-0.7314	0.3067	0.1673	3.1486	0.1748
-0.5201	1.0689	-0.3302	0.3813	-0.4068	0.1254
-0.3874	1.2073	-0.4350	0.3631	-0.5638	0.0931
1.4006	0.0742	-0.4726	-0.2409	-0.7981	0.0093
1.4906	0.1535	-0.3583	-0.0579	-0.9177	-0.1072
-0.4654	-0.4237	0.7378	-0.0775	1.1815	-0.0530
-0.6501	-0.2499	0.3117	0.2899	1.2068	0.0507
-0.4769	-0.3339	0.2004	0.4738	1.4077	-0.2423
-0.0138	-0.4553	1.8037	0.3645	-0.5511	-0.2456
-0.1724	3.1482	-1.7150	-0.3084	-1.5401	0.1933
-0.2238	1.8176	-0.9721	-0.1191	-0.8169	0.0195
2.7491	1.2575	-1.9926	-0.0789	-2.6272	1.1357
0.6558	0.6150	-0.4755	0.0750	-0.7036	-0.1111
-0.3194	1.6899	-0.9670	0.5288	-0.6971	0.4490
-0.0979	0.0386	-0.2431	0.7815	-0.0328	0.1019
-0.5126	-0.2768	0.3894	-0.0533	1.1784	0.3944
0.0329	0.7054	-0.8465	0.7618	-0.4194	-0.1022
0.0704	-0.6747	0.0236	-0.0512	0.6528	0.5891
-0.6690	-0.1924	0.0810	-0.4365	0.6709	0.9630
-0.4619	1.0268	-0.0700	-0.0088	-0.8392	0.1406
-0.4770	1.2950	-0.3206	-0.0139	-0.9015	0.2037
-0.8851	-0.4394	-0.1623	0.3485	2.8211	0.1466
-0.6845	-0.2851	0.0001	0.2174	2.1438	0.1118
0.2571	0.1543	0.5800	-0.2156	0.2343	-0.0863
1.1330	-0.3055	-0.2142	-0.2427	0.1966	0.1862
-0.1171	-0.3145	2.3326	0.2626	-0.7354	-0.1662
-0.2956	1.0595	-0.2608	0.0113	-0.0996	0.2318
0.2244	-0.3198	-0.2609	-0.4305	-0.7018	1.5422
0.2605	0.2391	-0.6272	1.7597	-0.8982	-0.2949
0.3072	0.0299	-0.3230	1.4411	-0.7137	-0.3200
-0.3197	-0.1903	-0.3655	2.9651	-0.1316	-0.8278
-0.8129	-0.5317	0.2222	-0.2502	1.7645	0.8041
-0.2990	0.2006	0.9182	-0.4348	-0.2547	0.7444
0.1303	-0.5828	-0.1631	-0.1737	0.3723	0.5711
1.3636	0.6452	-0.6948	0.1518	-1.2871	0.3191
-0.4034	1.5035	-0.4074	0.0216	-0.3783	0.0860
-0.2921	1.1393	-0.3072	0.2403	-0.2494	-0.2583
-0.0277	-0.2911	1.2245	-0.1230	-0.4949	0.1194
-0.1022	-0.4123	2.6527	0.0292	-0.9821	0.0283
1.2128	0.4231	0.1339	-0.4734	-1.2086	0.0146
0.9375	0.8085	-0.1944	-0.3382	-1.2102	-0.0121
1.0795	-0.0965	-0.4530	0.0544	-0.5382	0.1023
0.0621	-0.3589	-0.0773	2.1268	-0.2078	-0.3345
-0.2460	-0.1698	-0.0207	0.0646	1.2186	0.0959
-0.6760	-0.4067	-0.1505	0.1090	2.2659	0.3616
-0.6309	-0.1027	0.6166	1.1188	0.4291	-0.3472
-0.3651	2.0912	-0.8014	0.1141	-0.5319	0.2863
-0.2754	-0.2574	0.0548	0.0090	1.3998	0.1478
-0.2281	0.3302	-0.2028	0.4721	0.1863	0.1680
-0.7581	-0.3193	0.0488	-0.4010	1.3515	1.0584
-0.5808	-0.4718	-0.8156	0.1861	1.2117	1.1396
-0.5690	-0.3698	-0.4847	-0.3095	1.2060	1.0214
0.4149	-0.3003	-0.3933	-0.4548	-0.3485	1.2713
0.2217	-0.5723	-0.1600	1.9892	-0.3509	-0.3675
-0.7027	-0.3360	-0.0635	0.3864	2.0729	-0.1517
-0.3179	-0.4166	-0.2008	0.1788	1.6600	0.1815
-0.0901	-0.5028	-0.1205	0.0539	0.4685	0.5094
0.0995	0.8803	-0.3237	0.1257	-0.4767	-0.0939
-0.3476	1.9249	-1.0412	0.1798	-0.5473	-0.0733
-0.2736	1.0443	-0.2148	0.1938	-0.3487	0.0698
0.3976	1.4428	-1.2027	-0.5517	-0.7518	0.5905
-0.5049	-0.2931	-0.0377	0.1606	1.9378	-0.0201
-0.0564	-0.5147	-0.3398	0.0266	1.4205	0.3291
-0.2615	0.2741	-0.1967	1.8048	-0.0854	-0.4585
-0.1969	-0.3901	-0.5293	-0.4978	0.2723	2.4402
-0.0418	-0.3535	-0.3652	-0.4487	-0.0463	2.1184
0.6298	-0.4386	-0.8233	-0.4128	-0.5471	1.8616
-0.3652	-0.5340	-0.5641	0.1688	1.2573	0.8602
0.1515	-0.2962	-0.5279	0.2267	0.0422	1.0776
-0.1222	-0.1394	-0.5323	0.5435	0.2872	0.6581
-0.0535	-0.1654	0.0343	1.0776	-0.2854	-0.1117
-0.0144	-0.2224	-0.0001	1.8166	-0.1887	-0.2266
-0.0895	-0.2269	0.1404	1.8322	-0.2926	-0.1971
-1.2299	-0.7003	-0.3355	0.2908	3.9240	0.3177
-1.0137	-0.5575	-0.4495	0.5393	3.6128	0.0776
-1.1974	-0.5999	-0.3585	0.3583	4.2296	-0.0240
-0.6774	-0.2325	-0.2978	0.3190	2.2419	-0.0984
-0.6507	-0.2967	-0.0765	0.2982	2.2561	-0.0452
2.3126	-0.3204	-1.1251	0.2051	-1.4611	-0.1046
-0.4609	-0.3894	-0.4229	0.1517	1.7894	0.0640
-0.4032	-0.2129	-0.0666	0.2036	1.3469	0.0440
-0.2410	1.2174	-0.6402	-0.1783	-0.4766	0.2217
0.0674	-0.2918	-0.9336	-0.6512	0.0673	1.4777
-0.1439	1.0028	-0.8682	0.4813	-0.8292	0.5423
-0.1352	0.9600	-0.7691	0.5185	-0.4466	-0.0256
-0.6850	-0.2132	0.0501	0.2478	1.9164	0.0688
-0.2577	-0.2372	-0.1375	0.4617	1.6120	-0.1482
-0.4876	-0.3445	-0.2777	0.6074	2.2954	-0.0962
-0.1573	-0.1914	-0.1997	0.4621	1.3655	-0.1584
-0.4157	-0.5525	2.9104	-0.0706	-0.2582	-0.1524
-0.5025	-0.1135	1.4688	-0.2855	0.2543	0.2713
-0.3361	-0.2291	0.7662	-0.1633	0.2205	0.4671
-0.2118	0.1732	0.7583	0.0782	-0.4202	0.2043
0.0106	-0.1824	-0.3060	2.0873	-0.3692	-0.2391
-0.0516	-0.1829	-0.4451	2.3014	-0.4383	-0.4322
-0.5782	-0.2955	-0.0996	-0.3672	0.8417	0.5712
-0.3500	-0.1874	0.1483	-0.1076	1.3763	0.2367
-0.0737	1.3085	-0.6595	-0.1377	-0.7627	0.0652
0.0344	0.2222	-1.4026	-0.0313	-0.5107	1.9848
0.9620	-0.2380	-0.5278	0.2917	-0.6501	0.3715
-0.0415	-0.0297	0.8415	0.2177	-0.1123	-0.1066
-0.2576	-0.1416	-0.6173	1.5028	-0.0524	0.6551
-0.7991	-0.5457	0.0725	0.1780	3.2390	-0.1626
-0.3181	-0.1390	0.0124	1.2427	0.3159	-0.0727
-0.2402	-0.1996	-0.1160	2.2136	-0.0620	-0.5116
-0.3363	-0.1257	0.0007	1.5593	0.2994	-0.2361
-0.2487	-0.2947	-0.2438	0.2451	1.4778	-0.0899
-0.4263	-0.1543	1.6101	0.0519	0.0993	-0.1475
0.4775	0.6707	-0.5802	0.0397	-0.6782	-0.0702
-0.5619	2.0986	-0.5190	-0.1044	-0.1560	0.2339
0.4706	1.1731	-0.6859	-0.3877	-0.8236	-0.0779
0.0405	1.4598	-0.6870	-0.0869	-0.5434	0.0704
0.0094	-0.4293	-0.8312	-0.4221	0.1016	1.4852
0.0860	1.8764	-1.0462	-0.0212	-1.0094	0.1694
1.3236	-0.7724	0.1889	-0.2410	-0.5492	0.2507
0.1927	1.3399	-0.7105	-0.2011	-0.6365	0.3445
0.5712	-0.1247	0.8032	-0.2833	-1.1090	-0.0503
-0.1412	-0.4769	-0.2754	2.4113	-0.2666	-0.5725
-0.1331	-0.6833	-0.2647	2.7380	-0.3413	-0.2631
0.0551	0.4572	0.0243	0.8815	-0.5857	-0.0506
0.2734	-0.5327	-0.5179	-0.1049	1.9081	0.2844
-0.4627	-0.0338	2.0357	0.0733	0.0945	-0.2949
-0.1210	-0.1630	-0.0581	-0.0734	0.3486	0.4526
0.2333	-0.2119	-0.7727	-0.2373	-0.4612	1.6759
-0.2414	0.1775	-0.6544	-1.0983	-0.9493	2.8691
0.7119	0.4621	-0.5611	0.0445	-0.7198	0.3114
0.0126	-0.6305	-0.3493	-0.1787	0.1697	1.3120
-0.0650	-0.6445	-0.0737	0.4211	0.7572	0.3736
-0.0384	-0.2899	-0.1341	1.6475	-0.3711	-0.2036
-0.2187	-0.5379	0.1854	-0.1701	1.7759	-0.0210
-0.6356	-0.0212	0.5089	-0.2985	0.5278	0.5764
-0.5798	-0.0188	0.3017	-0.4689	0.2772	0.7430
-0.5251	-0.2356	2.3520	-0.0318	-0.0183	-0.1638
-0.4150	-0.4600	-0.0572	0.5648	1.6250	-0.1676
-0.1969	0.2066	-0.5401	-0.9393	-0.8744	2.0118
1.8588	-0.2886	-0.8540	0.1988	-1.1008	-0.0537
-0.3020	2.0148	-0.5198	-0.2016	-1.0050	-0.1318
-0.2590	2.5152	-0.5786	-0.3802	-1.4982	-0.1021
-0.5468	1.6073	-0.8691	-0.1664	-0.5634	0.4139
-0.4394	-0.0717	-0.0261	1.6022	0.3303	-0.6560
-0.4372	1.3033	-0.0019	0.3788	-0.4521	-0.1588
-0.4012	1.3103	0.0164	0.3428	-0.4169	-0.2207
-0.4220	1.4513	-0.1038	0.4184	-0.4801	-0.2533
-0.4730	1.1849	0.0532	0.3662	-0.2485	-0.1628
0.2604	-1.0989	-1.1280	-0.1207	1.3530	1.7687
-0.2861	1.6710	-1.0579	-0.1069	-0.6072	0.3778
-0.2162	1.4347	-0.8898	-0.1219	-0.4972	0.4062
0.7971	0.7110	-1.2472	-0.2789	-1.2487	1.1496
-0.4053	0.5461	0.1130	0.6191	-0.4911	-0.3498
-0.2433	1.7328	-0.2156	-0.0695	-1.0448	-0.3623
-0.3808	2.3319	-0.3593	-0.1442	-1.3102	-0.3638
0.4710	-0.2201	0.3296	0.1981	0.0742	-0.2410
0.2192	-0.1986	0.3823	0.0332	0.0798	-0.0076
0.0581	-0.1542	-0.6300	0.2181	-0.4958	1.0131
0.1557	-0.4837	-0.6707	1.1654	-0.6836	0.4007
-0.0650	1.2044	-0.5228	-0.0099	-0.5284	-0.0697
0.0470	0.4295	-0.7318	1.7715	-1.0773	-0.3912
1.0289	0.0357	-0.8565	0.5008	-1.1134	0.5238
0.8214	0.2398	-0.8810	0.3428	-0.7213	0.3936
-0.2400	0.1212	-0.3503	0.4238	0.4328	0.0872
0.0078	-0.6742	-0.2309	2.5726	-0.6953	-0.4592
0.2597	-0.5022	-0.3384	2.0347	-0.6196	-0.3242
-0.1098	1.1222	-1.0177	0.7487	-0.3974	-0.2202
0.0015	1.0624	-0.9196	0.4966	-0.4317	-0.1842
-0.1107	-0.9758	-1.0322	-0.1570	1.2700	1.7550
-0.4851	1.5052	-0.5822	-0.0762	-0.6939	0.2011
-0.5017	-0.1235	-0.1681	0.2041	1.3730	-0.0889
-0.1737	0.3852	-0.0674	0.3951	0.0005	0.0291
-0.3352	-0.6265	2.2874	0.0206	-0.0450	-0.0115
-0.4014	-0.3607	1.8011	0.0692	-0.0966	0.0542
-0.7559	0.1429	0.6490	0.4583	1.3280	-0.5186
-0.0410	-0.4664	-0.4660	1.9202	-0.2141	0.0669
-0.6178	-0.2577	-0.1716	0.1716	2.1870	0.1565
-0.6635	-0.2738	-0.2006	0.2529	2.3109	0.1161
-0.6613	-0.2836	-0.2170	0.1584	2.2722	0.1987
-0.8772	-0.5632	0.0587	0.1951	3.3905	-0.1331
-0.3340	-0.3954	0.4511	0.0338	0.6225	0.5018
0.4911	0.0221	0.0089	0.9880	-0.6008	-0.0374
0.5021	0.3004	-0.0776	0.9471	-0.8745	0.1098
0.3740	0.3233	-0.1327	0.7375	-0.7402	0.1234
0.0865	-0.8102	1.6132	0.1731	-0.1160	-0.2610
-0.0319	-0.7147	1.4850	0.1381	0.1102	-0.1827
-0.1354	-0.3106	-0.3254	-0.2274	0.4488	0.9940
-0.2785	-0.5071	-0.4930	0.2744	1.9011	0.1452
1.0961	0.6727	-1.3870	-0.3556	-1.6314	1.2607
1.0239	0.2862	-1.3690	0.2784	-1.4720	0.9068
0.9239	0.6088	-1.4013	-0.1641	-1.6594	1.2619
0.8689	0.5321	-1.1818	-0.1382	-1.4172	0.8815
-0.3822	-0.2922	-0.5202	0.3694	2.0206	-0.0761
-0.4877	-0.4132	-0.5411	0.3598	2.1944	0.1682
-0.3124	2.0040	-1.0191	-0.2595	-0.9002	0.1215
-0.2989	1.6157	-0.7563	-0.0129	-0.6756	0.4998
-0.2305	1.3502	-0.4814	0.0020	-0.6901	0.3907
0.1751	-0.3840	1.5780	0.1732	0.1585	-0.1510
-0.1869	1.9915	-0.9525	-0.0798	-0.8200	0.1603
-0.2729	1.1961	-0.7443	1.4343	-0.8179	-0.2543
-0.3486	-0.3328	2.9541	-0.1643	-0.7095	0.0665
-0.0680	-0.3569	-0.6863	-0.5476	-0.0980	2.0820
-0.1124	-0.3790	-0.5625	-0.1743	1.3780	0.3473
-0.4969	-0.2806	0.0197	0.1433	1.6406	0.1077
-0.1725	-0.2122	-0.3418	-0.5816	-0.1755	1.3146
0.0198	-0.3629	-1.0418	0.9903	-0.5221	1.2131
-0.2249	0.9943	-0.3062	-0.0821	-0.2863	-0.0826
-0.2629	-1.2683	4.7963	0.1520	-1.5849	-0.2217
-0.2806	-0.7398	3.3316	0.1416	-1.0149	-0.0431
-0.5180	-0.6298	-0.6079	0.2764	2.4626	0.1948
-0.3099	1.3986	-0.8101	-0.3959	-0.4662	0.2149
-0.2120	1.6449	-0.9932	-0.4650	-0.6567	0.2209
0.4253	1.4608	-0.8918	-0.4583	-0.9485	-0.0183
0.1059	1.3106	-0.7708	-0.3009	-0.6937	0.0924
0.2697	0.9540	-0.6279	-0.0831	-0.7017	-0.0114
-0.5301	-0.4739	1.3700	-0.1588	0.1993	0.4904
-0.4365	0.2897	-0.5724	0.4423	1.1813	-0.0041
0.3460	0.7949	-0.2525	-0.0209	-0.8213	0.3875
0.2677	-0.1257	-0.2118	-0.2057	-0.2938	0.8477
-0.0059	-0.4027	-0.3265	2.7033	-0.3261	-0.3671
-0.0850	-0.1478	-0.2919	1.8112	-0.1993	-0.1276
-0.4619	-0.0405	-0.1248	1.3675	0.0032	0.0794
0.3193	-0.2757	-0.3521	-0.1612	-0.2604	1.0419
-0.1074	-0.4327	1.2429	0.5296	0.3537	-0.3327
-0.3925	-0.1899	-0.1074	0.2946	1.0668	-0.0774
0.7234	-0.7664	-0.5752	-0.1706	-0.6328	1.2936
-0.9203	1.6469	-0.3082	0.6067	-0.6647	-0.1389
-0.5371	-0.2808	-0.5527	-0.3190	0.7530	1.1333
-0.7947	0.0589	-0.0012	-0.5504	0.5282	1.0740
-0.9431	-0.0099	-0.2726	-0.5852	1.4856	1.1244
-0.1316	-0.2871	-0.3574	2.6463	-0.5134	-0.1800
-0.1735	0.5349	0.3520	0.0386	-0.4705	0.0849
-0.3514	-0.4489	-0.5956	0.3549	0.7214	0.7131
-0.3858	-0.4729	-0.2464	-0.2011	1.1197	0.8236
-0.4896	-0.5487	-0.3328	-0.1852	1.1271	0.9725
-0.4410	-0.6222	-0.3783	-0.1946	1.2219	0.9681
-0.6720	-0.2534	0.0038	0.1526	1.9346	0.1568
-0.6974	-0.0034	0.2507	0.0500	1.4147	0.1134
-0.2791	-0.2993	2.1189	0.0631	-0.1278	-0.1532
0.1610	1.1314	-0.8553	0.3037	-0.8656	0.0214
-0.3388	0.1896	0.7325	0.1998	0.1768	-0.2172
0.6865	0.3847	-0.5233	0.1427	-0.6918	-0.0057
-0.2067	-0.0726	1.7454	-0.0803	-0.1122	-0.0968
-0.1155	-0.1792	1.5593	-0.0011	-0.0266	-0.0745
-0.2275	-0.1427	2.3058	-0.0899	-0.1901	-0.0801
-0.2015	-0.3543	-0.4901	2.3928	-0.1691	-0.2796
1.3344	0.0134	-0.6150	0.1593	-0.8569	0.1596
0.8190	0.0859	-0.4348	0.2582	-0.5518	0.1114
-0.0663	0.0939	-0.0791	1.4685	-0.0051	-0.2747
0.2028	-0.5608	-0.0925	2.2348	-0.3414	-0.5952
0.0571	-0.5222	0.4676	1.6427	-0.2626	-0.3319
2.4574	-0.1246	-0.8533	0.0470	-1.5972	0.0992
-0.4273	-0.3751	0.3701	0.0921	1.5167	-0.0126
-0.5950	-0.0817	2.3098	-0.0715	-0.5332	0.0070
-0.1138	0.2743	-0.5620	0.2874	0.9260	0.0971
-0.3734	-0.3590	2.6889	0.0436	-0.3263	-0.1509
-0.4338	-0.1232	2.4451	-0.1128	-0.0041	-0.0404
-0.2413	-0.2372	1.0609	-0.0977	0.6564	0.0352
-0.0982	-0.6640	-0.5762	0.0717	1.2076	0.8248
-0.2890	-0.9430	-0.9010	0.1436	2.2455	0.9520
-0.2248	-1.1381	-0.9711	0.2245	2.1236	1.4364
-0.3940	0.1759	0.3249	0.6354	-0.1362	-0.0449
-0.3313	-0.3075	-0.7998	-0.3035	-0.8239	3.3306
-0.3347	0.4917	0.6131	0.2154	-0.2125	-0.1845
-0.5015	0.5015	0.8962	0.4896	-0.1212	-0.2096
1.5323	0.3144	-0.6328	-0.2940	-0.8166	0.1986
0.0366	1.1039	-0.5554	-0.0915	-0.7442	0.1204
0.1048	0.6771	-0.4886	-0.1342	-0.5052	0.0867
0.0208	1.5357	-1.0640	-0.1094	-0.7081	0.1851
-0.5954	0.3073	2.2949	-0.0997	-0.3377	-0.2611
-0.1443	0.3942	0.7265	0.3825	-0.4319	-0.1648
-0.1285	-0.3516	0.1945	-0.0706	0.9708	0.2383
-0.2756	-0.3825	0.1944	-0.0327	1.3101	0.1651
-0.1010	1.4052	-1.0579	0.2344	-0.9357	0.2142
-0.4523	0.1066	-0.5923	1.2729	-0.0403	0.4128
0.6353	-0.2729	0.2065	0.1711	-0.0218	-0.2812
0.3616	0.5654	-0.3036	-0.1256	-0.5635	0.2961
-0.1128	-0.5954	-0.2229	2.5472	-0.4390	-0.5051
-0.2947	-0.4674	2.7459	-0.0827	-0.6373	-0.0825
-0.6381	1.1041	-0.4406	0.3047	0.2801	-0.1171
0.2833	-0.5143	-0.9629	1.5493	-0.8449	0.5204
1.2024	-0.7983	-0.9335	1.8091	-1.1824	0.1292
0.3072	-0.6498	-1.0956	1.8594	-1.1124	0.5805
0.4891	-0.2598	-0.5396	-0.4526	-0.2206	0.9998
0.1394	-0.6324	-0.2963	2.4039	-0.2722	-0.2630
-0.5452	1.0080	-0.2811	0.3686	-0.2106	0.0155
-0.1744	0.4111	-0.3946	0.9898	-0.4569	0.2659
-0.6246	0.4014	-0.0927	-0.3451	0.4427	0.5101
-0.3544	-0.2441	-0.2076	-0.0888	1.1064	0.4498
0.0747	-0.0509	-1.3628	-0.0983	-0.4433	2.1206
-0.6585	-0.3693	0.1914	0.2477	2.3248	-0.0559
-0.3556	0.1944	-0.3771	0.3721	1.0683	-0.2449
0.0027	-0.2768	-0.5106	-0.5179	0.1270	1.3127
-0.4449	-0.5235	-0.5464	-0.3846	1.3732	1.3558
-0.2205	-0.1607	0.0640	0.0666	1.0606	-0.0390
-0.6667	-0.2548	-0.1872	0.2585	2.2334	0.1314
-0.4412	-0.1466	-0.2898	0.2467	1.9762	0.0460
-0.2429	0.8237	-0.8012	0.1042	0.6268	-0.1230
0.0582	1.5638	-0.9245	0.1062	-0.5497	0.0075
0.1034	2.0081	-1.3896	-0.0145	-0.8168	0.3625
0.1701	1.6854	-1.1656	0.1640	-0.5814	-0.0442
-0.1927	-0.3842	1.9647	0.4552	-0.8363	-0.1869
-0.1970	-0.5681	2.8341	0.5438	-0.8862	-0.2461
-0.3400	1.2665	-0.8216	1.4344	-0.4247	-0.0194
-0.0751	0.5462	-0.2658	0.5788	-0.4297	-0.0989
-0.0157	-0.3168	1.7475	0.0048	-0.4253	-0.1687
-0.1592	0.1493	0.6988	0.1409	0.3837	-0.1932
-0.1014	0.0539	0.6564	0.0415	0.0545	-0.0477
-0.0679	0.0854	0.7404	0.0843	0.1035	-0.1170
0.0496	0.1457	-0.6289	-0.4682	-0.1439	1.3859
-0.2539	-0.0761	-0.3527	0.2428	0.8668	0.2261
0.6830	0.6999	-1.2735	-0.3138	-1.3229	1.2846
-0.0427	2.5288	-1.2478	-0.3135	-1.0920	0.2170
0.0504	1.2268	-0.7038	0.0115	-0.3557	0.1980
-0.0577	1.6649	-0.7472	-0.2833	-0.7087	0.1554
0.3316	1.1101	-0.7126	0.3444	-1.0062	0.0876
-0.0090	-0.2976	-0.5281	2.3249	-0.2166	-0.4563
0.1232	-0.4604	-0.6946	1.5600	-0.7057	0.2070
0.0438	-0.5050	-0.5090	1.9910	-0.3792	-0.0153
0.3642	-1.3521	-1.5982	4.5706	-1.1035	0.4578
-0.1942	-0.2416	0.1378	0.2919	0.5322	0.3231
0.1447	-0.2816	-0.4094	-0.2615	0.0523	1.1096
0.0612	-0.3320	-0.5385	-0.2473	0.1647	1.3644
-0.0361	-0.0322	-0.3968	-0.7828	-0.8587	1.9016
-0.2855	-0.7432	-0.7629	0.0519	1.5403	1.3385
-0.1222	-0.4784	-0.2812	2.1993	-0.3764	-0.4534
-0.2255	0.0487	-0.6512	1.8021	-0.6447	-0.2414
0.0071	-0.0814	-0.4974	-0.4342	-0.4090	1.4867
-0.1481	-0.4630	2.6242	0.3709	-0.8925	-0.0652
0.1436	-0.3966	-0.0488	1.3320	-0.1623	-0.2993
1.6742	0.6139	-0.9101	-0.3338	-1.2918	0.5781
-0.7947	2.6314	-1.0536	1.0622	-1.3892	-0.2383
0.0271	-0.4617	-0.0986	2.1768	-0.1608	-0.6368
0.8487	0.3925	-1.2679	0.0153	-1.5443	0.9244
0.7102	0.2661	-1.0028	0.1325	-1.2157	0.6234
-0.2758	0.6259	0.1834	0.6338	-0.2804	-0.2795
-0.0621	1.6833	-1.3659	0.3971	-0.8493	-0.1023
-0.2023	-0.0788	-0.4743	0.7218	0.3062	0.2004
0.7822	0.5621	-0.0176	-0.1963	-0.6857	0.0456
0.0493	-0.4542	-0.0706	1.5824	-0.2011	-0.1588
-0.4276	-0.3090	-0.3112	0.1117	1.6984	0.2360
-0.8077	-0.7523	-0.6837	0.3297	3.5260	0.1553
-0.2096	-0.5193	-0.1451	-0.0887	1.8887	0.2052
-0.0151	-0.4098	0.7745	1.8639	-0.2516	-0.5174
1.3893	0.0405	-0.4089	0.0942	-1.0196	-0.0063
-0.4146	-0.3801	0.1245	0.0489	1.7405	-0.2156
0.1539	1.1348	-0.9542	0.1602	-0.6116	0.3767
-0.0944	0.5602	-0.6808	-0.0586	-0.5965	0.8804
0.1170	0.9862	-0.6487	0.0669	-0.6937	0.3978
0.3000	1.0764	-0.9320	0.0707	-0.8536	0.5797
0.0698	-0.4748	-0.3427	-0.6921	-0.7173	1.9923
0.1170	1.0367	-0.9338	0.5842	-0.4805	-0.0240
-0.2860	-0.1276	-0.2700	-0.6095	-0.1583	1.5032
0.7237	1.2509	-0.8290	-0.1799	-1.0374	0.2477
0.6588	1.2726	-0.8898	-0.2229	-1.0553	0.3274
0.6190	1.4847	-0.8773	-0.3102	-1.0596	0.2300
3.4077	-0.8980	-0.6346	-0.8784	-1.8655	-0.0639
-0.2051	-0.1742	0.1724	-0.2539	0.3343	0.3525
0.1722	-0.6316	-0.8363	-0.3953	0.3878	1.6775
0.2963	-0.4314	-0.2092	-0.2416	0.0429	0.8717
-0.4745	1.1631	-0.2605	-0.2235	-0.2323	0.2934
-0.0623	-0.3248	1.6817	0.0490	-0.0870	-0.3322
0.1166	-0.3546	-0.6875	1.6561	-0.2234	0.1364
-0.0065	0.2268	0.3344	-0.0189	0.0486	0.0036
0.0046	-0.1089	-0.2261	-0.3007	-0.1043	1.3976
-0.7107	-0.3668	-0.0965	0.4058	2.1354	-0.1349
-0.6008	-0.2577	0.0179	0.0809	1.8251	0.0925
1.2307	0.0314	-0.4063	-0.0583	-0.8674	0.2118
0.1025	1.2169	-0.5340	-0.0779	-0.5459	-0.0188
-0.0522	-0.1031	-0.4697	0.1177	-0.5237	1.1683
-0.1914	-0.3637	0.0156	0.4518	-0.0667	0.2748
-0.3032	-0.2038	0.1551	-0.1225	0.6995	0.4850
-0.1391	-0.5689	-0.3682	3.1646	-0.2550	-0.4260
-0.0323	-0.3284	-0.4013	2.1942	-0.1579	-0.3086
0.0026	2.0388	-0.5764	-0.3460	-1.1254	-0.0050
0.5036	4.1854	-2.0098	-0.4916	-2.7430	0.4248
-0.1632	2.3744	-0.5335	-0.6683	-1.5314	0.2791
0.1800	1.6362	-0.9479	-0.4339	-1.1332	0.2255
0.2042	1.5513	-0.4467	-0.2610	-1.0157	-0.0863
-0.2312	-0.6285	-0.0428	0.4617	0.9705	0.4102
-0.4428	-0.4750	-0.0307	0.2263	1.2587	0.4698
-0.0717	-0.2780	2.0708	0.1141	-0.7667	-0.1091
-0.1715	-0.5829	-0.5343	-0.0019	1.0632	0.8766
-0.0565	0.3288	-0.3183	1.3800	0.1200	-0.2966
2.6100	-1.2374	-0.5996	0.2593	-1.4881	0.3935
-0.0506	-0.6405	0.1169	2.4802	-0.2167	-0.5881
-0.0543	-0.5877	0.1512	2.1729	-0.1961	-0.4846
0.5850	0.0346	-0.4417	1.3389	-1.0722	0.2342
-0.3984	-0.1686	-0.1973	-0.0039	1.2143	0.3729
-1.0904	0.0945	-0.5750	-0.1948	1.4773	0.5815
-1.0995	-0.0075	-0.4861	-0.2661	1.7190	0.5280
0.0878	-0.6565	-0.2229	2.2021	-0.1919	-0.1805
-0.3412	-0.0587	-0.5728	2.3711	-0.0329	-0.4924
-0.5599	1.3930	-0.5366	0.0489	-0.6060	-0.1562
-0.2565	-0.2243	-0.5610	-0.4227	0.0594	1.9903
-0.0427	2.1057	-1.6639	0.3977	-1.0224	0.1005
0.0417	1.8274	-1.3880	0.2866	-0.8903	-0.0948
0.5614	0.3127	-0.9096	-0.6414	-1.0212	1.3274
0.4640	0.4860	-0.3925	-0.0806	-0.5396	0.0773
0.2323	0.9783	-1.3418	1.0065	-0.9787	-0.1299
-0.2751	0.5284	-0.1526	0.5713	-0.2015	0.0400
-0.1900	0.2186	-0.4721	0.0431	0.3561	0.3723
-0.0764	0.3659	-0.5890	0.1494	-0.2516	0.4860
-0.5097	-0.2506	2.9982	0.2400	-1.2690	-0.3331
-0.3789	-0.3138	2.6625	0.1898	-1.0899	-0.3128
-0.1957	0.1237	-0.1894	1.7281	-0.0534	-0.4221
0.5091	-0.7933	-0.8145	1.6284	-0.5401	0.6103
2.6934	-1.1298	-1.1585	0.9109	-1.6668	0.4516
0.2833	-0.5143	-0.9629	1.5493	-0.8449	0.5204
0.5006	0.2140	-1.0029	0.7081	-0.7239	0.4752
0.1738	-0.3193	1.7229	-0.1443	-0.4272	-0.3270
0.1100	-0.4587	-1.0062	-0.1734	-0.4758	1.7540
-0.0260	0.7987	-0.2405	0.1220	-0.7738	0.1340
0.1351	-0.4112	-0.6785	-0.4438	0.0679	1.4484
-0.1076	1.0915	-0.2368	0.1273	-0.8286	0.0117
0.2984	-0.7899	-1.2318	-0.6243	0.0727	2.4808
0.4382	1.0880	-1.2699	0.8726	-0.9502	-0.1650
0.4418	0.7067	-0.8356	0.5134	-0.7301	-0.1876
0.2099	1.0462	-1.0797	0.7178	-0.6879	-0.0935
-0.4349	-0.1376	0.4335	-0.1891	0.6534	0.4279
0.2184	-0.6713	-1.1107	0.4018	-0.6798	1.5091
1.3614	-0.3398	-0.5985	0.2636	-0.8353	0.5103
-0.2974	-0.7393	-0.7605	0.0533	1.5130	0.9391
2.1291	-0.6140	-0.7377	0.0363	-1.1633	0.8626
-0.0635	-0.4508	0.0500	1.1022	0.1438	0.2598
-0.2814	-0.4680	-0.3869	0.9278	0.3539	0.6184
0.0129	-0.9294	-0.6610	3.4864	-0.7601	-0.3463
-0.1122	-0.1352	1.8035	0.1945	-0.7153	-0.0579
-0.2025	1.6408	-0.7009	-0.1451	-0.4596	0.1409
0.8524	0.4834	-0.0443	-0.3513	-0.9461	-0.0038
1.0483	0.4640	0.0001	-0.3755	-1.0508	-0.0261
2.1039	0.4487	0.0244	-0.5295	-1.8049	-0.1247
-0.1950	0.6900	-0.1551	0.2956	-0.2037	-0.0570
-0.0112	-0.3161	-0.9699	-0.8024	-1.0496	3.1537
1.5607	-0.3054	0.4141	-0.2931	-1.1920	-0.3097
0.0688	0.0833	-0.3943	1.0736	-0.5241	0.0331
-0.2858	-0.1656	2.2452	0.2297	-0.5480	0.0755
-0.4284	-0.1270	0.0131	0.1614	1.2857	0.0240
-0.1890	-0.3743	-0.4597	0.3194	0.8024	0.7395
-0.1181	0.2008	-0.3422	0.2289	0.6498	0.0326
-0.4498	-0.0887	0.0771	-0.1847	0.3221	0.9223
-0.4112	-0.4779	1.4518	0.0217	-0.1178	0.2210
-0.1309	-0.6902	-0.6268	0.0671	1.2810	0.9650
-0.5941	-0.3153	-0.2891	0.4306	2.2451	-0.3057
0.1299	0.6875	-0.5986	0.2714	-0.8038	0.2383
0.1971	0.6372	-0.6440	-0.0120	-0.7821	0.3691
-0.3041	-0.1672	0.7576	-0.0661	0.6842	0.4526
-0.2647	-0.3947	-0.2236	2.3793	-0.3087	-0.5621
0.8220	0.5811	-1.0881	0.1412	-1.1881	0.4641
-0.1376	1.3877	-0.8302	0.0357	-0.6131	-0.0164
0.4213	-0.2116	-0.7621	-0.5400	-0.2448	1.2498
0.4266	-0.1540	-0.8435	-0.4260	-0.3602	1.2229
0.5075	-0.2171	-1.0313	-0.6012	-0.3707	1.5563
-0.2995	-0.1166	0.7985	-0.0593	0.5264	0.3480
-0.0924	-1.0192	-0.9443	-0.1603	3.1715	0.5789
0.7755	1.3017	-0.9662	0.0592	-1.2084	0.0423
-0.2616	-0.6151	-0.5481	0.0612	1.4168	0.7548
-0.3219	-0.7994	-0.7514	0.1298	1.6463	1.0249
-0.5503	-0.5699	-0.5327	0.2514	2.4682	0.1568
0.8187	-0.7827	1.3585	-0.4390	-0.1396	-0.0902
0.0035	-0.5397	-0.0733	1.9711	-0.5816	-0.4387
0.0563	-0.3334	-0.3344	1.8711	-0.5762	-0.2679
-0.1111	1.1790	-0.4098	0.7362	-0.9434	-0.3893
-0.0545	-0.7147	0.2467	2.8372	-0.3089	-0.5955
-0.0336	-0.4611	0.3960	1.7123	-0.1804	-0.3587
-0.3242	-0.2254	-0.1215	2.2649	-0.5526	-0.3114
-0.0679	-0.3851	-0.4220	2.4919	-0.5320	-0.4511
-0.4202	-0.2071	1.5442	0.1290	0.2598	-0.1963
0.0101	-0.4830	-0.5633	3.4909	-0.6807	-0.5762
0.3137	0.1228	-0.3860	0.0360	0.4913	-0.0132
0.0859	-0.3275	-0.5180	2.2284	-0.0370	-0.5527
-0.3466	-0.2791	-0.3805	3.0372	-0.2418	-0.6633
0.2539	-0.2774	-0.6742	-0.5168	-0.3757	1.3527
-0.1114	-0.5045	-0.6022	0.1099	1.2403	0.5253
0.1332	0.6754	-0.2157	-0.3119	-0.4931	0.0737
-0.0995	0.3989	0.6929	-0.1147	-0.2395	0.2450
-0.0995	0.3989	0.6929	-0.1147	-0.2395	0.2450
-0.0962	0.5396	0.9232	-0.1160	-0.6475	0.1385
1.2818	-0.2706	-0.5099	-0.0497	-0.6636	0.3423
-0.2056	-0.1557	-0.5222	-0.5518	-0.0015	1.1354
-0.2629	-0.2815	-0.5104	0.4059	1.7962	-0.1305
-0.6175	-0.1347	0.3575	0.2090	1.4545	-0.1741
-0.3659	1.3384	-0.8271	-0.1142	-0.5226	0.2205
0.3803	0.8788	-0.7749	0.1613	-0.6292	0.2594
-0.5440	-0.7083	-0.8553	0.0374	1.9589	1.1200
-0.5573	-0.5254	0.0447	-0.0029	2.7456	0.2834
0.0274	-0.4850	-0.4988	2.0830	-0.4235	0.0421
-0.1883	-0.6563	3.0872	0.0172	-0.1739	-0.2969
-0.3701	-0.3423	-0.5482	-0.0767	1.4555	0.5442
-0.4770	-0.1369	-0.5195	0.1934	0.8922	0.2037
-0.1104	1.2235	-0.7295	-0.1793	-0.6477	0.3151
-0.2436	1.2831	-0.6016	-0.1490	-0.4018	0.2148
-0.8191	-0.2341	0.4452	-0.0445	1.7754	0.3665
-0.2549	-0.2323	0.0701	1.1234	0.1380	-0.0167
-0.0720	-0.1344	-0.1672	-0.3091	-0.2022	1.1663
-0.0312	0.8350	-0.9210	0.3061	-0.2486	0.3068
1.4430	-0.3407	-0.9168	0.0185	-1.0127	1.1962
0.3330	-0.0085	-1.4136	0.2613	-0.9132	1.9682
-0.5091	-0.2210	-0.1760	0.1076	1.7757	-0.0185
-0.3994	-0.4213	-0.2968	0.4340	2.7709	-0.1446
0.2399	-0.7288	-0.5949	2.6771	-0.8406	-0.2771
0.2399	-0.7288	-0.5949	2.6771	-0.8406	-0.2771
-0.1318	-0.0891	1.8965	-0.0607	-0.7992	0.0780
-0.0224	0.5952	-0.4310	0.7541	-0.2866	0.1433
-0.1347	-0.2039	-0.3204	0.3368	-0.0027	0.4288
-0.5108	-0.6830	2.9317	0.3788	-0.4809	-0.1475
-0.2940	-0.6300	2.4187	0.3370	-0.3513	-0.2414
1.5907	0.8220	-0.9693	-0.3473	-1.2846	0.1483
1.8136	0.3669	-0.6139	-0.2033	-1.2189	-0.1153
0.4590	1.3739	-1.0940	-0.0326	-0.9229	0.5624
-0.4337	-0.4311	-0.4248	0.0940	1.8375	0.2886
-0.3918	-0.4087	-0.4555	0.0853	1.7556	0.2648
-0.3615	-0.1674	0.1900	-0.0989	0.9814	0.2483
-0.3487	-0.1509	0.0482	1.1962	0.2715	-0.0687
-0.2044	0.1177	-0.0407	-0.5253	-0.3836	1.1485
-0.2447	-0.0413	-0.6174	-0.5354	-0.0024	1.2654
0.2733	-0.6342	-0.4680	-0.2646	-0.1851	1.9154
-0.2262	-0.2403	-0.2366	0.2680	1.4910	-0.0578
-0.2084	-0.3356	-0.5724	-0.1913	0.7645	0.8423
-0.7852	-0.7530	-1.0151	-0.3866	1.9193	1.9489
-0.4156	-0.1612	-0.0970	0.1440	1.3417	0.0185
-0.4349	1.5173	-0.8403	-0.0963	-0.5452	0.2401
0.6926	0.1003	-0.5047	0.9684	-0.9388	0.2363
-0.4679	-0.1947	-0.1078	0.1554	1.5911	0.0783
-0.5415	-0.2266	-0.1443	0.2096	1.7818	0.1132
0.9008	0.1594	0.2563	-0.1922	-0.5002	0.0051
-0.3904	0.1674	3.5391	-0.1516	-1.2193	0.1210
-0.3690	0.1862	3.0338	-0.1155	-1.1173	0.1123
0.1368	-0.6542	-0.3894	3.0424	-0.6508	-0.4861
0.2322	-1.1313	-0.7680	4.2985	-1.1889	-0.4737
-0.0829	-0.8198	-0.7629	3.9585	-0.8578	-0.5199
-0.5125	0.2919	1.5108	-0.0215	-0.2392	-0.2005
-0.1865	0.3534	-0.0254	0.1474	-0.1092	0.1509
-0.1779	-0.3368	-0.1652	2.1978	-0.1412	-0.2587
-0.3882	0.8793	-0.7370	0.5712	-0.0722	0.0004
2.1338	0.8097	-1.8708	-0.5834	-2.1190	1.4064
0.0029	-0.1843	0.1867	0.0455	0.7392	0.1794
1.0928	-0.5087	0.6574	-0.3676	-0.8659	0.0615
0.0332	-0.1894	-0.2817	2.0479	-0.4834	-0.1782
-0.0335	0.0290	-0.4134	1.5710	-0.4277	-0.1112
-0.0141	-0.0461	-0.4278	1.7720	-0.4277	-0.1990
-0.2061	-0.2251	1.0738	-0.2589	-0.7070	0.2319
-0.0708	-0.0569	2.0931	-0.5180	-1.6426	0.1857
-0.4387	-0.2297	0.5712	0.3042	0.5757	-0.0128
-0.4487	-0.2038	0.5875	0.3126	0.7430	-0.0314
-0.2429	-0.1558	1.7694	-0.2829	-0.1715	0.1642
-0.0225	-0.3778	-0.4908	-0.1881	0.3277	0.8501
0.6735	-0.0591	-0.8502	0.9772	-0.4016	-0.0140
-0.3662	-0.0146	1.8509	0.0281	0.1345	-0.3087
-0.4225	-0.2482	-0.1569	0.2359	1.4458	0.0673
0.1302	0.0442	0.3093	0.2843	-0.1729	0.1000
1.1660	0.1098	-0.7349	-0.0436	-0.8039	0.4774
0.4612	0.6488	-0.2393	0.0572	-0.8215	0.3343
-0.4882	-0.2138	-0.2353	0.1857	1.6627	-0.0401
-0.7633	0.2127	0.0537	0.3272	0.9198	-0.2481
-0.2880	-0.6063	-0.7680	-0.0496	1.1521	1.3814
-0.2339	-0.2710	-0.3919	-0.1206	0.6789	0.8328
-0.3831	-0.3224	-0.3840	0.0765	0.9719	0.6140
-0.4074	-0.1045	0.3924	-0.1786	0.9119	0.2738
-0.2049	1.2398	-0.2660	-0.0889	-0.4365	0.1813
-0.1560	-0.1641	-0.4278	-0.3762	-0.1912	1.4300
0.1558	-0.2236	-0.1424	1.5648	-0.2280	-0.2960
-0.0614	-0.3429	-0.5037	-0.0948	1.5646	0.4608
-0.1251	-0.4609	-0.2013	2.8054	-0.4411	-0.4122
-0.2419	-0.4081	-0.2287	0.0466	0.7317	0.5469
1.1355	0.3757	-0.0401	-0.4431	-0.8848	-0.1117
0.0030	-0.1311	1.1082	0.1803	-0.5001	0.0540
0.1405	-0.4589	-0.1629	1.7750	-0.3308	-0.3145
-0.0907	-0.1338	-0.6314	-0.5811	-0.4121	2.1971
0.0239	-0.5204	-0.6830	1.6407	-0.2797	0.1996
-0.4415	-0.3422	-0.3302	0.3212	1.6012	0.1713
-0.3659	-0.2842	-0.1751	0.5429	1.2851	-0.0001
0.0192	-0.3924	-0.1426	1.7134	-0.1493	-0.1565
-0.2590	0.7971	-0.6031	0.4738	-0.0611	-0.1957
-0.4277	-0.0714	-0.0801	0.0589	1.1920	-0.0885
-0.0487	-0.8009	0.0707	3.1432	-0.3840	-0.7588
0.3127	1.1409	-0.4824	-0.3183	-0.5715	0.1595
-0.5561	-0.6310	-0.8004	-0.2732	1.1888	1.3751
0.8764	-0.2884	-0.5001	-0.0215	-0.1681	0.3662
2.0975	-0.2540	-0.9209	-0.2392	-1.4516	0.7536
-0.5082	-0.2871	-0.4422	-0.0340	1.4512	0.4895
0.0938	0.0672	0.1331	-0.1721	-0.0189	0.1330
-0.3394	-0.0984	-0.5582	-0.1937	0.6951	0.7976
-0.1979	-0.6083	2.5377	0.3616	-0.3246	-0.2705
-0.2023	-0.0136	-0.3079	1.8608	0.0827	-0.6109
-0.0861	-0.4281	2.0300	0.2794	-0.5358	-0.3900
1.2390	-0.6480	0.6104	-0.3950	-0.8321	0.0157
0.5774	-0.5028	-0.7590	1.6447	-0.3965	0.1296
-0.4140	1.3795	-0.5573	0.3025	-0.4488	-0.0507
0.0568	-0.5112	-0.4295	1.5505	-0.2348	0.0391
-0.1231	-0.2865	-0.2421	-0.4156	0.0325	1.0876
0.0933	-0.2517	-0.4964	-0.1471	0.1158	1.1372
0.2103	-0.3369	-0.2520	1.8801	-0.2949	-0.3405
0.1960	-0.3640	-0.2103	1.3597	-0.5965	0.0899
-0.2773	1.2147	-0.4959	0.3597	-0.3537	-0.2083
-0.2317	-0.2912	-0.2576	-0.2285	0.9306	0.4983
-0.2078	-0.8789	-1.0770	-0.4842	0.2760	1.6152
-0.3564	1.8518	-0.9064	0.0650	-0.9141	0.0974
-0.4097	-0.4399	0.1672	0.2467	1.4915	0.0828
-0.2509	1.5880	-0.6815	0.1930	-0.5721	-0.0643
0.1233	1.1431	-0.7006	0.2387	-0.6469	-0.0875
0.7142	-0.3546	-1.2726	0.6503	-0.7585	0.5298
-0.3771	-0.4741	-0.2991	0.0021	1.7975	0.5051
-1.0156	-0.1247	2.6564	-0.0562	0.0547	-0.1422
-0.5196	-0.4448	0.3252	-0.7507	0.0791	1.6528
-0.0161	2.1940	-0.5841	-0.4110	-0.7630	0.3656
0.2079	2.2288	-0.8030	-0.4217	-0.9225	0.3536
-0.0307	2.1217	-0.6155	-0.4504	-0.7590	0.4289
-0.1070	1.3673	-0.2749	-0.2544	-0.4216	0.2350
-0.1465	1.8260	-0.4322	-0.4575	-1.2336	0.0431
-0.0174	-0.1673	-0.3443	1.9831	-0.2856	-0.3906
0.0256	-0.2676	-0.5230	2.4740	-0.4087	-0.4369
0.2509	-0.1543	-0.7133	1.5285	-0.2573	-0.1673
0.2344	-0.3900	-1.0251	2.7743	-0.7547	-0.1598
-0.3234	1.0909	-0.2291	0.2912	-0.5139	-0.1692
-0.4005	1.1703	-0.0856	0.4161	-0.6227	-0.2510
-0.5923	2.1139	-0.9824	-0.1645	-0.7507	0.4349
-0.5273	-0.2441	-0.3828	0.4177	2.5018	-0.1420
-0.1925	0.0932	0.6871	-0.1391	0.2494	-0.1314
0.1418	-0.6119	-0.5768	1.8031	-0.3959	0.0874
0.2903	1.1192	-0.5584	-0.3394	-0.6116	0.4666
-0.5321	0.2864	1.0114	-0.2348	0.2873	0.0696
1.6418	0.3382	-0.8225	-0.1735	-1.1038	0.4576
2.4975	0.1262	-1.2731	-0.4751	-1.6652	0.5138
-0.0907	-0.3823	1.8870	0.0758	-0.1737	-0.1502
0.6530	0.8647	-0.5525	0.0749	-0.8898	0.2774
-0.5571	2.1042	-0.8702	-0.0902	-0.9784	-0.0992
-0.3352	-0.3567	1.5017	0.0944	-0.2406	0.8602
0.0769	-0.5784	-0.2936	0.9993	-0.1848	0.4620
-0.2605	-0.1932	-0.0163	-0.1807	1.1054	0.2127
-0.1729	-0.1431	-0.1037	-0.2158	0.8128	0.2978
-0.1484	-0.5858	-0.4545	1.7101	-0.4546	0.1464
0.2686	-0.1418	1.0481	-0.3028	-0.8041	0.1277
0.3072	0.0299	-0.3230	1.4411	-0.7137	-0.3200
-0.1714	-0.2981	-0.0664	0.2808	1.7143	-0.0584
-0.2992	0.2010	-0.1556	0.4228	0.2356	0.0517
-0.3143	-0.1133	1.1335	0.2464	0.2167	0.0917
-0.1030	1.4683	-0.2225	0.0124	-0.9581	-0.2349
0.3922	1.1121	-0.6709	0.0493	-0.8732	0.2154
2.8074	-0.8780	-0.5124	-0.7001	-1.4896	0.0556
-0.6261	-0.4721	0.2914	0.1045	2.4347	-0.1404
-0.4144	1.7114	-0.7881	-0.2839	-0.5494	0.3557
0.5571	0.1580	1.0129	-0.4188	-0.8921	0.0157
-0.2106	1.1425	-0.2561	-0.0505	-0.5176	-0.0117
-0.1508	-0.2050	0.1327	-0.2631	1.1026	0.3169
-0.2212	0.3225	-0.8403	-1.2227	-1.1627	3.0141
-0.1035	-0.1422	-0.2742	1.4101	-0.3353	0.0908
0.3492	-0.1494	0.1394	0.1491	0.0472	0.1879
0.5518	0.0177	-0.0759	0.0969	-0.1871	0.1559
0.2140	-0.1653	0.1891	0.1006	0.0566	0.1593
-0.0088	0.0960	0.0331	-0.1608	0.1051	0.7554
-0.5624	0.4411	-0.4701	0.2109	1.2809	-0.1723
1.7875	-0.3492	-1.0087	-0.6726	-0.8444	0.5956
1.5270	-0.3124	-0.8491	-0.6181	-0.6256	0.5028
1.3443	-0.2452	-0.7855	-0.4260	-0.7302	0.4195
1.3774	-0.3180	-0.8655	-0.6114	-0.3802	0.5796
0.2708	1.0575	-0.7609	0.0496	-0.8335	0.2611
0.4799	0.6408	-0.8492	0.3146	-0.7458	-0.0344
0.7723	0.7592	-0.6045	-0.1531	-0.7298	0.1979
-0.0828	-0.2435	-0.8274	0.2170	-0.1432	1.2472
0.2502	-0.1329	-0.7165	0.1111	-0.6086	0.8193
1.0246	0.7337	-1.8406	-0.3270	-2.1289	1.7005
-0.0324	0.8958	-0.6942	-0.5487	-0.1804	0.5341
0.0177	-0.3206	-1.3899	-1.1996	-0.9256	3.6936
0.7303	0.0584	0.5852	-0.4756	-0.8029	0.0829
-0.7920	-0.4263	2.9685	0.0352	0.2690	-0.2062
-0.5511	-0.0154	-0.2839	0.1726	1.4218	-0.2359
-0.2507	0.1357	0.6894	0.0311	0.0540	0.0565
-0.1236	0.2565	0.4199	0.1874	-0.0625	0.0746
-0.3082	1.0520	-0.1570	0.8515	-0.6156	-0.3185
0.4035	-0.1294	1.1812	-0.1925	-0.6744	0.1316
0.1253	-0.2793	-0.8414	-0.8350	-0.6372	2.2788
-0.4466	1.2452	-0.3716	-0.0713	-0.4122	0.0290
-0.1261	0.2421	0.6347	-0.1530	0.2227	-0.1783
-0.1863	1.3442	-0.6027	-0.1380	-0.7193	0.0890
0.0497	-0.1316	-0.3316	1.7666	-0.3084	-0.1513
-0.4103	-0.4327	-0.2759	-0.0389	0.8802	0.6264
-0.3391	-0.2412	0.0649	0.0360	1.0559	0.0627
0.2231	0.5254	-1.4938	-0.6780	-0.9263	2.2233
0.5979	-0.0753	0.7313	-0.3210	-1.0745	0.1573
-0.6325	2.7835	-1.4953	-0.2255	-1.2917	0.4103
-0.4945	2.4131	-0.9220	-0.3279	-1.1993	0.1714
-0.5282	1.7213	-0.6521	-0.2438	-0.4922	0.2342
-0.5996	2.0660	-0.7455	-0.3066	-0.7564	0.2889
0.0209	1.3114	-0.4714	-0.3660	-0.8074	0.1136
0.0558	1.3865	-0.5573	-0.4177	-0.9034	0.1736
-0.0930	0.8178	0.7660	-0.5702	-1.3855	0.1890
-0.5650	2.9486	-1.2933	-0.1069	-1.3848	0.1438
0.0487	-0.3320	-0.1984	0.0892	-0.0007	1.0527
0.4860	-0.9502	-0.8500	1.9811	-0.3828	0.4332
-0.2135	-0.7069	-0.6694	0.5341	0.9750	0.9839
0.3191	-0.8253	-0.7281	1.2517	-0.0507	0.5995
0.5590	-1.0909	-0.6026	2.2904	-0.2081	0.0182
-0.7730	-0.4546	-0.0043	0.1966	2.9064	-0.1826
-0.3272	1.1915	-0.4462	-0.0969	-0.4035	0.0066
-0.8348	1.3829	0.1352	-0.2431	-0.8960	0.2084
-0.8001	1.7589	-0.1089	-0.3329	-1.0376	0.2967
0.0393	-0.6164	-0.5321	-0.1465	1.8539	0.4040
-0.7237	-0.0621	-0.0026	-0.4607	1.2229	0.5378
-0.1820	-0.3966	1.9427	0.2389	-0.2264	-0.1278
0.0998	-0.6868	-0.7144	1.9243	-0.4254	0.2120
0.1128	0.1091	-0.5145	-0.4602	-0.1422	1.1882
0.0462	-0.3752	-0.8579	0.0646	-0.4261	1.2456
-0.3191	-0.5406	-0.6161	-0.0626	0.9947	1.0595
-0.4539	1.6489	-0.3073	-0.1285	-0.7733	0.2886
-0.3152	1.4134	-0.6475	-0.0780	-0.6321	0.0157
-0.2001	1.5490	-0.5462	-0.0726	-0.7745	0.3249
-0.5024	0.1317	-0.7422	1.5014	0.8042	-0.4023
-0.6058	-0.4497	0.0644	0.1200	2.6938	-0.1918
-0.8053	-0.5434	0.0725	0.1825	3.2772	-0.1758
-0.8081	-0.5410	0.0859	0.2128	3.1692	-0.1679
-0.2977	-0.3115	1.9702	-0.0404	-0.1678	-0.1367
-0.4907	-0.3124	1.2186	-0.1597	0.3182	0.2621
-0.0176	1.2599	-0.6694	0.4312	-0.8517	-0.0576
-0.3257	1.8990	-0.9135	-0.0159	-0.7019	-0.0340
-0.8139	-0.5732	-0.2340	0.1735	2.8216	0.3256
-0.7918	-0.4600	-0.4580	0.3205	3.0534	-0.0204
-0.0459	-0.7607	-0.4260	-0.2037	1.0343	0.9544
-0.2916	-0.3703	-0.0807	-0.0036	1.2267	0.5067
-0.3757	-0.4396	4.0769	-0.2586	-1.3561	0.1037
-0.2378	-0.8994	3.4426	0.1011	-1.2083	-0.2065
-0.1199	-0.6439	-0.0024	-0.1941	2.0481	0.1566
-0.2521	-0.4196	3.3014	-0.2135	-1.0958	0.0714
-0.3553	-0.5017	2.3951	-0.0560	-0.1472	-0.1179
-0.3654	-0.3158	3.9373	-0.2419	-1.2398	0.0895
0.0600	-0.2801	-0.6069	0.3111	-0.3960	0.9977
-0.6134	-0.4678	0.1474	0.1163	2.5262	-0.0070
-0.0257	-0.3444	-0.6462	-0.1743	-0.7550	1.5451
-0.0615	-0.2861	-0.4057	-0.3760	-0.7271	1.3324
0.1307	-0.3393	-0.3750	-0.1971	0.3850	0.8914
0.1376	-0.3986	-0.3717	-0.2334	0.4938	1.0609
-0.4079	-0.0895	-0.1891	-0.0939	1.4651	0.3190
0.0195	-0.8852	-0.9298	2.8458	-0.6681	0.2412
-0.2798	2.0285	-0.7654	-0.0080	-0.8462	-0.1531
0.6549	1.0975	-0.5550	0.1390	-1.1115	0.3635
