1.0777	3.0634	2.4704	0.2633	0.1573	-1.9113
3.1993	-4.6158	-1.6410	-1.7789	5.8583	4.2883
0.5221	-5.1623	-2.0611	-1.9928	13.1263	0.2060
0.6872	-5.2656	-1.3016	-2.0366	12.1323	0.2467
1.5600	-3.7262	11.1886	-0.7326	1.0522	-0.3926
1.6887	-4.0329	-1.3100	-1.5564	1.5080	10.4847
-1.2161	-3.0533	11.3115	0.1930	1.6508	-0.9082
0.4298	-3.5000	1.5069	-0.6539	5.0079	2.2513
0.4149	-4.8534	0.5114	0.1218	5.6951	2.4404
-0.1183	-0.0847	-1.9810	6.0605	1.4828	-1.6219
3.7628	2.8538	2.0732	-0.2480	-0.1957	-2.5707
-0.3994	-3.9291	2.3139	-2.5654	1.8538	8.1795
4.6707	2.0334	-1.2157	1.4477	0.7528	-0.6367
3.5015	-4.0032	-2.0540	-0.6522	5.2264	3.1993
8.9554	3.7471	-7.1464	1.7710	-2.3536	1.4929
-1.1994	0.4298	8.6369	2.7881	-1.0002	-2.2496
0.4095	7.5161	-3.6564	2.8487	0.3736	-3.2562
-0.4701	-4.9992	2.4974	-1.0976	8.4959	1.0745
0.9983	-4.6667	-0.4578	-2.0440	2.4449	8.6622
5.3426	1.2541	3.6154	-1.8871	-0.7558	-2.8395
4.5129	-1.9965	-2.4328	-0.6469	1.9523	4.3368
-1.0285	-4.5203	10.3040	-0.1005	1.6643	0.7656
0.9140	-2.9858	-0.4636	-0.8796	2.7889	5.4925
-2.0064	-1.6326	2.2310	5.5955	0.7663	-0.0487
0.1169	4.4738	-1.0768	5.9187	-1.1184	-4.0628
-0.5825	-4.3161	0.1635	-1.9679	10.7552	0.2028
-1.2789	-2.5679	4.7936	-0.9988	3.3632	3.5878
-0.0566	11.3319	-2.1981	1.6325	-0.6872	-4.8026
0.4259	-1.7526	7.3094	-0.3005	-0.4302	0.1098
0.1848	-4.4444	1.0075	-1.7665	3.9089	6.7334
-1.1052	-3.4308	11.3592	0.8044	-1.1825	-0.0353
3.0335	-5.2620	-2.5781	-1.6506	5.1264	7.2898
0.7854	-2.5008	8.7903	-0.1513	-1.3352	-0.0721
-0.7824	-3.9783	10.1284	0.2754	0.5804	0.0286
1.5975	-4.7750	-2.2346	-1.1533	10.0304	1.2252
0.1524	-1.8090	7.4799	-0.3956	-0.3725	0.2789
-1.5212	-4.7843	13.4989	-0.9625	1.4123	0.6739
0.6212	-0.8077	-1.6603	11.8748	-1.0923	-3.1374
-2.1620	-4.7684	12.7699	-0.1042	1.4664	0.4423
-0.2320	-2.2823	10.6179	0.7376	-1.4122	-0.9170
-0.8300	0.4569	2.0249	-0.0819	-0.0485	2.5571
0.8297	-3.4523	-0.1265	-1.2937	2.2449	7.0405
-0.0003	-5.4895	6.9428	-1.4366	5.6237	1.0101
1.7375	-1.7827	-0.3647	6.1901	-0.0524	-0.6336
5.6756	-2.8662	-2.9893	-1.6030	0.8460	5.2642
0.5117	-1.4599	-1.8424	-1.2603	5.7439	2.7091
1.5859	-3.0182	-1.4691	-1.5912	1.7758	11.5654
0.0674	0.9129	-1.8348	0.0304	6.1234	-1.5839
2.7138	-0.6429	3.3646	-1.3733	-1.0961	0.6065
-0.0824	-5.1065	1.6899	-1.6183	8.8069	1.4057
2.2318	-4.2078	-1.6748	-2.5157	2.6717	8.5584
-0.5369	5.2881	0.1914	2.6059	0.8311	-4.3667
-0.1018	-0.8387	9.1354	-0.3969	-0.5058	-1.4537
1.6877	2.4687	-2.8610	0.6003	-0.2459	2.4887
-0.9621	-5.2487	11.7181	-0.4259	2.3200	0.5613
1.5362	-3.6037	-1.1000	-1.1655	3.6509	8.1287
1.6613	-4.0845	-1.1131	-1.5386	1.5022	10.2741
3.6965	8.7678	-3.6537	0.7114	0.1168	-4.3555
-2.9896	-1.7492	11.6999	1.3739	-0.4327	0.5050
1.5071	9.0046	-3.0121	2.3875	-1.0445	-3.9559
-0.1232	6.2593	-3.7989	3.3370	0.4764	-2.3775
3.6651	-2.2198	-1.4611	2.0244	0.7468	3.7329
0.5153	-2.5876	-0.7230	0.6563	6.7605	0.9982
-0.2407	-4.4117	0.0905	-1.8154	10.4827	0.6491
3.2274	-1.0549	-0.2785	-0.1871	3.9366	-0.5869
0.8948	1.7826	-2.1596	6.4305	-0.3671	-2.3791
2.6850	-0.6996	1.1071	-0.2829	3.2542	-0.3730
0.9765	-3.5340	-0.4460	1.3958	2.3380	4.0839
1.0687	-3.4639	-0.1721	1.8693	1.6049	5.2210
0.5795	-1.6379	-0.3556	-0.6502	4.9663	1.6861
-1.0090	-0.6484	-0.8600	4.7051	0.6385	1.1826
0.4658	-5.5508	1.0539	-1.8117	10.5960	1.0773
-1.0042	-1.5367	5.8242	-0.9406	3.7457	0.6005
1.5444	10.4526	-2.4026	0.5401	-0.7567	-4.0907
2.6808	-3.2527	-1.8455	-1.6102	-2.0864	13.7135
-1.0114	-3.9805	10.1062	-0.0457	1.1205	0.3245
0.5887	-1.0600	8.0687	-2.2566	2.9775	-1.3365
6.7798	4.2740	-5.6696	1.4214	-1.9750	-0.2230
-1.1655	-4.8730	11.2479	-0.2174	2.7721	0.0057
0.7435	-3.5831	-0.8426	-2.0629	0.6340	12.0682
-0.0669	-5.6760	0.2880	-2.7368	12.2003	0.4771
-0.7485	-2.8632	4.3778	-0.9035	2.3685	3.7571
4.4391	-1.3981	-5.3945	9.2585	-1.0008	0.0702
2.8325	-4.7951	-2.2600	0.6337	6.2660	3.0741
2.3083	-4.3124	-2.7238	-2.9256	11.6586	0.7683
3.1212	-3.9979	-2.1784	-0.3507	6.7714	2.1514
2.3964	-4.2567	-2.4886	-2.2125	10.0089	1.4938
0.4470	-3.1089	9.7963	-0.0701	-1.6035	0.1832
0.5502	-3.1466	9.9036	-0.2363	-1.5969	0.2089
0.0145	-2.9607	0.4143	-0.5338	5.1931	3.0266
1.1300	-4.2160	-1.8430	-2.9662	0.5767	12.2024
0.7126	-3.0157	-0.6829	-1.7748	0.3097	12.0173
-1.3549	-4.1255	12.9460	0.0632	0.2822	0.2288
3.6602	-0.6344	1.5836	0.0109	2.2721	-2.0188
-0.7477	2.9445	1.9933	3.4636	-0.7080	-3.5382
-0.9168	-2.7727	11.8350	-0.5905	0.0467	-0.4966
8.6617	2.1065	-4.7068	-0.2231	-0.0514	-0.5162
-0.7371	-3.7992	11.7274	-0.5302	2.0988	-0.4877
0.1517	-4.9240	-1.1539	-2.2454	11.6931	0.9213
8.0631	0.1996	-3.7938	-0.2224	-0.7572	1.5894
1.8877	-1.3201	10.7751	-1.4941	-1.8367	-0.6715
10.8592	3.8248	-3.1447	-0.6335	-1.2564	-3.1952
-1.1388	-4.8764	11.3208	-0.2472	2.7405	0.0053
-0.0112	-4.8697	12.0628	-0.2431	1.8361	-0.2325
2.7428	8.4932	-3.1845	0.7788	0.0151	-3.8570
-1.2445	-3.4241	11.8798	0.9585	-1.3268	-0.7603
7.7775	3.9099	-6.9511	1.8218	-2.1827	1.4668
2.3351	-3.4747	-2.1591	1.5993	0.0825	7.6655
0.3635	-1.2298	-2.3538	10.2431	0.2920	-2.8914
1.5083	-4.4531	-1.5358	-1.6809	9.6863	1.1521
3.8324	-2.9252	-2.2356	-1.1074	-2.0728	12.0148
1.2414	8.1613	-2.3924	1.3788	-0.4045	-3.3643
2.0798	-2.6996	-1.8416	3.8086	0.0677	6.1014
4.9117	4.8708	-3.9912	0.7793	-0.4903	-1.1248
2.4816	9.6611	-2.5424	1.4219	-0.4078	-5.4642
0.0174	-0.8328	-1.8047	9.9250	-0.4085	-2.1802
0.7470	-0.4549	-2.2133	10.0263	-1.1895	-2.5545
2.1702	-0.5048	6.4743	-1.1013	-0.0277	-1.0499
0.8404	4.0934	-1.2227	2.7679	1.4883	-4.2687
6.1475	4.4007	-4.0006	1.1634	-1.1647	-1.0846
4.8139	8.2135	-4.3601	0.1463	0.6692	-3.5576
-1.8533	-3.9654	11.7937	-0.1161	1.7217	0.3139
1.8042	-2.9330	-0.9696	1.3354	-0.8145	7.4618
-1.8541	-4.2969	15.6957	-1.1473	0.4089	0.5835
1.1849	-0.8100	2.7638	-1.2794	2.9973	-0.2826
4.1330	3.6363	2.2085	-0.6477	-1.6605	-3.0845
3.9962	-0.4486	-4.9038	4.6467	0.1806	0.9553
2.0796	9.9929	-4.6532	1.1375	0.6731	-3.1778
4.9832	0.2650	2.7839	0.8128	0.4708	-1.0352
-1.2699	-5.0784	14.1708	-1.1786	0.6747	1.1398
2.6622	-1.5719	3.8982	-1.0811	3.9064	-1.4444
-0.7529	-1.0497	5.1026	1.6811	2.0737	-1.1362
-1.1525	-4.0555	12.0413	-0.1065	-0.9763	0.2792
5.1893	8.6075	-4.0877	-0.0834	-0.2904	-3.5024
2.2483	8.0111	-4.7954	3.2798	-0.6032	-3.9599
-0.2971	-4.4845	8.8750	0.0993	1.5707	0.6616
4.2398	-2.6353	-2.2458	-1.8254	7.0669	0.3854
2.1668	-2.1165	-0.7172	-0.6119	1.7662	4.3906
1.2251	-0.6943	-2.9653	0.6838	6.9955	-1.6735
-0.0541	-5.8149	0.4534	-2.9552	12.5731	0.3040
12.2977	-1.7409	-3.7978	0.6599	-2.9598	3.5874
1.1188	-4.6499	2.9574	-0.2405	5.8788	0.8137
3.5978	8.6892	-2.9539	0.9822	-0.7348	-4.4391
0.5131	-0.3765	-0.1651	1.1823	5.0789	-1.4834
-0.1507	-4.7475	0.2588	-1.8614	10.1778	1.2739
3.6130	7.6885	-3.4819	2.6618	-1.3368	-4.3671
2.4152	-4.0194	-2.0746	-0.3012	5.4033	3.4750
-1.3654	-4.2139	12.0032	-0.7389	2.1666	0.3476
0.4891	-0.3031	-2.0039	9.8037	-0.9491	-3.2963
0.5193	-1.4584	-1.8402	-1.2581	5.7323	2.7144
5.0512	5.3855	0.4135	-0.8824	-0.3903	-3.6602
-0.0667	-5.6583	0.2853	-2.6892	12.1944	0.4525
1.5020	-3.6111	-0.9750	1.2941	-0.4626	8.3717
-1.6094	-4.5994	11.6478	0.7420	1.5645	-0.2483
8.4142	2.0519	-1.2520	-0.6718	0.0634	-0.8164
2.3409	-4.9987	-0.1307	-0.8520	3.6712	5.6438
-1.1059	-2.0801	10.0215	2.4894	-1.2645	-1.2584
-0.3941	-4.7704	0.3094	-1.7420	10.6743	0.7818
3.9179	8.9436	-3.3654	0.5886	-0.1070	-4.5431
3.1833	-0.3358	0.5394	-2.1571	2.6232	0.6370
-1.2557	-3.8938	5.0188	-0.4705	5.4181	1.0773
-0.7758	-4.1937	7.2958	-1.3134	5.6190	0.3406
1.3969	-2.2319	-2.7405	3.2696	3.3399	2.1723
2.9655	-2.2959	-1.6068	2.5255	0.5812	4.4565
-1.1299	-3.0856	1.0045	-0.6679	4.6336	3.5443
1.4164	7.7734	-0.1138	2.4301	-0.4988	-5.1538
0.3625	-4.2867	-0.7937	-1.5395	6.6265	4.5795
-2.4604	-4.5216	12.2116	-0.1496	1.2714	0.4489
3.9808	0.6690	-3.6922	2.8654	-1.3931	3.3060
-1.3044	-2.1135	11.8553	2.1405	-1.6362	-1.5194
0.8176	0.0998	-2.5539	5.8693	0.4981	-0.3649
3.0257	-4.1657	-1.9951	-1.4791	2.1438	9.0021
2.3742	-2.3121	-1.7124	-0.9471	2.1259	7.4226
-0.7998	-3.6131	10.5117	-2.2717	1.2110	1.1485
2.7599	9.2252	-4.5212	2.5417	-0.5757	-4.2313
8.2900	3.9602	-7.0649	1.8131	-2.2760	1.3738
1.3471	8.1099	-3.3385	2.3202	0.1698	-3.8702
0.5401	-4.5910	9.6985	0.9945	1.3129	-0.0349
3.7625	-5.2582	-2.4929	-1.2003	7.3768	2.7499
1.6532	-2.6303	6.8926	-1.2166	3.3000	-1.0279
-3.1045	-4.2522	16.9257	-0.3204	-0.2975	1.2791
0.0185	-5.8933	0.1791	-2.7274	12.5270	0.3369
6.0144	-1.4060	-3.2896	4.5060	-0.1305	0.5144
3.8686	4.1198	2.1361	-1.1334	-1.0916	-2.9738
12.7147	1.4730	-2.4456	-1.7166	-1.5963	-1.0258
3.7854	-1.3834	-3.2286	5.5834	-0.4564	0.8904
0.5947	-5.2072	0.3828	-1.5949	9.7964	1.4922
-1.7327	-5.1155	13.4612	-1.0189	1.3536	0.9031
3.3873	10.5327	-3.4481	0.7478	-0.0900	-5.2374
1.8806	8.8913	-2.2845	0.2447	-1.4111	-3.5231
5.5262	4.4140	-4.4254	2.1708	-1.4253	-1.5221
0.2413	-2.3910	-1.3191	-0.2440	6.9756	0.5605
7.3059	2.3679	-5.5152	1.8289	-1.0216	-0.0518
8.4153	4.8182	-4.9631	-0.0934	0.3731	-1.8393
1.7229	8.8600	-3.2019	2.2033	-0.9394	-3.6447
-1.1591	-3.1180	1.0073	-0.7032	4.7666	3.4917
-0.3676	2.0454	-0.2529	5.2539	-0.9635	-1.5889
5.3769	3.0805	-2.9867	1.9605	-1.7964	-0.7361
3.0528	1.4321	-4.7253	0.8951	-1.2629	5.6046
1.1394	-4.1098	-2.3119	-1.0695	10.5832	0.3263
-1.4974	-5.4823	14.6425	-0.2845	0.6301	1.0709
2.6155	-1.0824	-4.2020	8.4525	-0.5070	0.1384
-1.9318	-3.1015	8.9193	-0.8368	5.1862	0.3741
8.0542	2.8591	-5.9107	1.6142	-0.8923	-0.5712
4.4940	-4.0631	-2.7779	-0.0945	2.8610	5.1463
-0.1877	-1.2014	4.0830	0.2691	3.0242	-0.5101
7.1429	-2.9012	-1.6795	-1.1352	-0.9252	5.8957
1.5737	-4.4648	-1.3565	-1.4726	9.0525	1.2987
5.1466	-2.6519	6.7103	-1.3247	0.6316	-0.9964
-0.8564	-4.2289	9.3711	-1.2357	3.0358	0.6486
1.3034	1.1276	-2.0315	3.1427	0.4919	0.3442
0.0115	-3.1965	11.8631	-1.1195	0.1851	-0.1280
4.5463	9.4983	-2.9948	0.7886	-0.8871	-5.1267
1.5110	-0.1092	-2.6795	11.6685	-1.5363	-3.7306
-0.3800	-4.2338	-0.0057	0.2951	9.4520	-0.0325
4.0068	5.3302	-4.6005	0.4387	-0.6928	0.5137
1.3126	9.2829	-1.0382	1.6160	-0.8204	-4.8518
0.6138	-1.4538	6.0729	0.6807	2.1932	-0.8273
-0.3518	-4.8364	-0.5618	-1.9320	11.2078	1.1568
4.6168	5.1826	0.7554	-0.8685	-0.7047	-3.5062
0.6633	-3.0993	1.0632	-1.4197	6.7588	1.5139
2.3981	-4.4815	-1.2830	-0.1289	3.6267	6.5325
0.0004	-5.3514	0.9836	-0.7534	8.7620	2.6256
0.1994	-0.8742	-2.2447	12.1713	-1.6587	-2.6374
0.2487	-3.2673	0.9255	-1.1197	7.9644	0.5363
1.4798	-4.3412	-2.1049	-0.1806	7.6270	2.9260
1.0085	0.5125	2.5858	-0.6105	1.6433	-1.6719
8.9880	1.3732	-5.5440	1.7764	-0.6699	1.6594
2.9694	6.5285	-2.8293	2.6605	-0.9733	-3.9324
2.2713	-3.2196	0.7262	0.3378	1.5743	2.7235
5.2734	-4.8252	-2.2312	-2.0617	6.2881	1.8667
2.6111	-3.9305	-1.7585	-1.1376	1.1243	9.6897
-0.7921	-4.6175	9.0067	-0.1288	2.8024	0.5299
0.8006	7.1439	-2.6474	3.2525	-0.1063	-3.7625
0.8805	-4.5448	-1.1799	-0.3198	7.4517	2.3144
3.1086	9.1251	-3.1522	0.6112	-0.4331	-4.0331
-0.1139	-3.7609	0.9113	-1.9580	3.8167	5.4914
2.4838	-3.7974	-2.4881	-2.3683	10.0211	0.9495
-2.5924	-4.8929	18.9211	-0.3139	-0.2956	0.9942
0.6065	-3.2789	-1.0479	-1.0727	11.1714	-1.5110
0.7311	-0.8642	-1.8618	0.6359	7.3369	-1.8866
-0.1159	-4.6746	-0.7152	-1.7855	10.4216	2.0486
-0.1236	-5.0465	-0.6704	-1.4481	9.8066	3.5880
3.0932	-4.7391	-1.2323	-2.4125	2.4939	8.1666
-1.1538	-4.0520	12.0551	-0.1236	-0.9682	0.2881
2.9639	-4.5363	-1.2976	-1.7620	5.2898	5.3224
-1.5038	0.3360	8.5759	2.4733	-0.6687	-1.9503
8.9037	4.1850	-7.3268	2.0622	-2.4755	0.9411
0.5589	-3.7777	-1.2540	-0.1408	5.2389	4.7500
1.9009	0.0845	-2.3520	10.6828	-1.5835	-3.6890
-0.2162	-4.6560	-0.2609	-2.0575	11.1344	0.7753
3.0082	-1.1225	-2.3118	-1.4854	3.8009	4.2337
-1.4874	-6.2320	17.4817	-0.2973	2.7029	-0.0767
2.2154	2.5568	1.6902	-0.3168	0.7876	-1.7277
-0.8732	-3.7557	1.6458	-1.8564	9.9282	0.9208
5.1698	5.9419	-3.9693	-0.1131	0.4599	-2.5506
10.7445	0.0553	-3.9760	0.6170	-2.0598	1.7796
-0.0785	-0.6480	4.8799	-0.5672	2.9176	-0.6018
-0.0648	-4.1417	-0.5752	-0.0035	5.7493	4.3676
0.0109	3.5613	-2.0617	1.7288	3.6836	-3.1084
2.5553	-5.7959	-2.4978	-0.3815	8.7623	3.9899
0.6658	-4.7350	-0.6080	-1.5537	9.6561	1.5695
6.6461	-1.7235	-3.6001	-0.0114	4.7949	-0.4547
6.6937	2.8885	-2.4491	-0.2266	-1.6454	-1.0748
1.5790	0.2782	-2.7459	8.7774	-0.2033	-3.3002
0.9406	0.0281	-4.0535	12.4444	-0.5887	-4.1665
-0.0760	-5.7167	0.1235	-2.7211	12.4523	0.3808
-0.3299	-3.6652	0.1198	-2.2123	10.2150	-0.0346
-0.0937	-5.4770	0.4941	-2.4635	11.7631	0.4371
1.1968	-3.8276	2.4013	0.1077	4.9050	0.8394
-0.6666	-4.1313	11.8376	-0.2557	1.2725	-0.6437
2.8538	-2.8869	-3.8433	5.4856	-0.7544	3.4488
0.4219	-5.3512	0.7835	-1.6193	10.4583	0.6193
13.5789	2.3081	-2.9393	-1.4095	-2.1441	-1.3188
0.6991	-3.0595	-0.8165	-1.8302	0.2788	12.2596
0.3858	-3.9260	10.9156	-0.2399	-1.5902	0.4155
-1.1483	-4.3270	-0.7752	-2.0545	9.8921	2.1838
0.6565	-3.4269	-0.5411	-0.4569	1.9650	6.0695
3.3081	1.4898	-4.4448	5.2072	-0.7036	1.0519
0.7441	-2.9984	-1.3277	-1.9041	1.2356	12.0996
0.6897	-2.3112	-0.2177	-1.4352	-0.5998	11.4427
4.5252	7.0329	-1.2696	0.2702	-0.8214	-4.0269
-1.2027	-5.4060	15.5069	-0.4903	2.5381	-0.1195
-1.6829	7.7144	-0.9389	3.1728	-0.1121	-4.8178
0.0576	-4.6163	-2.0163	-2.0141	12.7624	0.4401
0.3963	3.8807	3.4471	-0.3678	-0.3021	-2.0714
1.7747	-1.6519	-2.8937	4.7637	2.5495	0.7947
-0.7779	1.2580	7.2071	-0.9392	-0.9290	-0.0730
-0.1188	-3.6917	1.4110	-1.6947	7.1204	1.9674
2.0563	1.5381	-3.6269	1.1997	-1.8311	4.7497
2.5322	-3.8130	-2.1148	-2.0333	8.9433	1.2797
5.7734	5.6604	-6.5784	2.3569	-1.7904	-0.9441
-1.0486	-4.7008	12.2364	-0.5797	-0.6907	0.6149
1.0876	6.5180	-1.9472	1.2721	1.6827	-3.4495
2.6170	11.1371	-2.9641	0.7548	-0.1487	-5.4856
4.1690	-3.0323	-3.5368	5.2487	2.0923	0.9014
0.9792	5.4154	-3.8595	3.7762	0.7048	-3.8259
8.4113	2.0160	-1.1645	-0.6663	0.0480	-0.8387
-1.2317	-2.8336	4.8300	1.2779	2.4081	0.1599
0.4994	-1.0361	8.1072	-3.1866	4.9622	-1.7949
8.8213	2.1560	-1.7482	-0.7840	-0.0653	-0.8311
-0.1071	-3.7986	-0.4545	-0.6770	9.4976	-0.0273
-0.4627	3.3903	-2.4631	3.5920	-0.2586	-0.9745
-0.1041	6.2977	-0.4982	1.3981	0.9050	-4.0904
0.0450	-3.7875	4.1589	0.7765	4.3853	0.3753
3.1468	-4.8266	-2.4400	-1.3581	4.5048	7.1799
3.9300	-0.3962	-3.8332	1.9566	0.9240	1.3040
0.7287	-0.8247	-2.8709	12.0482	-1.4033	-2.7354
1.5471	-4.6527	0.5006	0.6996	5.2183	1.7421
3.0277	-1.0038	-4.0724	9.1830	-0.8197	-1.1198
-0.1175	-2.8587	-1.7056	-0.0068	9.3563	-1.2477
2.2512	6.9339	-4.4193	3.4105	-0.4757	-3.9437
0.0237	0.9556	-1.9400	11.0827	-1.2303	-4.7556
-0.9144	-3.6916	1.9899	-0.8176	4.0789	3.7175
2.6074	8.7870	-3.0501	0.3791	0.9920	-4.4296
-0.0827	-3.6638	9.3479	-0.7893	1.8174	0.6648
0.8504	-1.9373	-0.5006	-0.8983	6.3981	1.1133
-0.1581	-4.7668	-0.5820	-1.9129	10.8877	1.4543
2.6845	-3.7139	-2.3584	-2.5728	10.0453	0.6191
-1.0348	-1.1001	-1.8067	3.6594	2.8971	1.9687
2.9133	-1.3662	-2.2549	7.0333	-0.1898	0.2551
-1.5249	-2.6418	6.4289	-1.1969	3.0473	1.9468
2.6758	-4.2076	-1.2201	-1.2892	0.1371	9.9255
0.2649	7.9861	-3.0508	3.7944	-0.9618	-5.1301
0.2725	-0.2047	-2.8649	11.8003	-0.9075	-3.9962
0.0250	-1.6857	7.1892	-0.5725	0.2537	0.4619
4.3865	-3.6529	-3.4720	-0.2264	-1.3419	10.0455
1.3746	-1.7518	5.3795	-0.8891	1.7684	0.1535
1.2369	-3.6606	-1.2490	-2.0355	0.9880	9.2544
2.2126	-2.8706	-1.5256	-0.8713	6.4883	1.6200
-0.3413	-0.9119	0.3610	5.7635	0.1437	0.4069
6.6306	2.4737	-2.3773	-0.1808	-1.6709	-0.8662
-0.3561	-4.5307	4.6908	-0.1776	5.3558	0.8559
7.4972	2.9743	-2.6862	-0.4723	-1.7685	-0.8091
2.0472	-0.4220	-3.1249	-1.7794	0.1364	8.1768
2.5700	6.7606	-1.7200	1.1351	-2.2817	-2.6914
0.6086	-1.6658	-0.3716	-0.6332	4.9556	1.6653
0.4734	-3.1066	-0.7850	0.6621	2.0844	4.7192
3.4233	1.6690	3.0017	-0.3870	0.1428	-2.2274
0.4621	-1.5658	-0.2982	5.2616	1.2141	-0.9055
4.8297	3.9794	-1.7895	0.1375	-1.3407	-1.9805
0.4340	0.5234	-1.9941	8.3975	-0.9063	-2.6697
0.9435	0.8930	-1.8608	6.6010	0.0292	-0.9603
-1.0918	-2.5906	0.2921	-1.7884	7.8257	3.0278
1.1079	-2.6427	-1.8724	2.1817	4.5981	1.6276
-0.8539	-2.8127	0.1989	-1.6100	7.4118	3.3152
3.0123	9.1633	-3.7364	0.5926	1.1476	-4.8490
6.6456	7.4002	-4.1686	1.2872	-0.6822	-4.2049
-0.0702	-4.0151	-0.8917	-1.8153	7.0522	3.8554
4.1885	4.5521	-1.6990	1.1580	-0.0182	-3.2895
0.1803	-1.1356	-1.5696	6.1124	0.9839	0.2824
0.6292	-1.7607	-2.0313	7.5456	1.8054	-2.5168
0.4949	8.2174	-2.1722	1.0832	0.1685	-3.1637
7.0707	2.6525	-2.6762	-0.2545	-1.5841	-0.9818
-0.8211	-4.2871	11.0507	-0.5847	2.1014	0.1333
1.3012	9.3074	-2.4814	2.8200	-0.7103	-5.8602
0.6163	9.7971	-2.4670	2.2513	0.1365	-5.8543
0.9730	-4.4717	-0.9434	-2.1145	10.5654	0.0923
1.5781	2.8342	-1.5458	3.4618	0.4420	-1.3724
2.5091	-5.1048	-2.2134	0.5970	7.1926	2.8728
2.4401	7.0751	-3.9867	2.7938	-0.3986	-4.0338
0.0082	-4.4165	-0.8338	-0.2944	5.8124	3.2593
-0.2559	-4.1572	10.4314	-0.9355	2.5275	0.0873
1.1641	9.2739	-2.5616	2.9056	-0.7350	-5.8714
1.1400	0.2169	-2.6272	11.4984	-1.7527	-3.8261
1.2646	-0.0937	-1.5931	6.2000	-0.5811	-0.9577
1.4123	-5.8133	-1.5579	-0.9090	2.4787	10.0758
-0.3913	6.8187	-1.3924	2.3897	1.0728	-4.7597
0.8780	-2.8240	-0.3944	-1.0587	3.0709	4.7072
1.2568	9.4748	-2.6663	2.4553	-0.4341	-5.7355
0.2366	-4.1917	-0.0955	0.6373	8.5226	0.3407
0.6923	-4.8824	-1.0673	-2.8486	0.0477	12.7601
1.6684	0.4164	-2.8572	8.5868	0.4602	-1.1645
0.9472	-6.0826	-1.7959	-1.0803	2.4262	11.1330
-2.1211	-6.9793	19.3915	-0.1863	-1.2478	2.0761
5.1478	-3.6823	-2.4332	0.3935	4.8118	0.3832
-1.1221	-4.9749	11.8622	-0.2277	1.2764	1.0552
2.7365	-4.7660	1.1262	-1.6169	7.2861	0.6025
1.6936	9.9789	-2.4813	1.7778	-0.3794	-5.7961
6.3588	-3.4951	-3.1499	-0.4199	5.7168	0.0973
-0.6205	2.1045	9.6227	-0.6227	-2.1440	-2.0152
-0.9731	-4.1919	1.1925	-2.3280	10.8640	0.6754
-0.5777	2.1063	9.5203	-0.6140	-2.1280	-2.0118
5.6435	-4.9086	-2.5502	-1.6542	6.0330	1.7834
-0.1064	-3.5805	-0.7724	-2.4846	10.3143	0.8153
-2.3548	-3.9188	10.4025	-0.0054	1.0748	0.2869
-1.0609	-3.7080	9.5708	0.1870	0.5051	0.4129
2.1710	0.1693	-4.0515	12.0782	-1.4455	-3.8206
1.1658	-4.8044	-1.5729	-1.3626	8.8053	2.9939
0.5977	-1.4288	4.0158	5.6694	-0.9848	-1.6547
2.1103	-3.8305	-1.0239	-2.1109	2.3407	7.4178
-1.6041	-4.1158	11.1852	0.0827	2.8785	-0.3336
8.7086	2.3221	-1.7486	-0.8443	0.0379	-0.8607
0.2736	-5.2805	-0.0183	-2.4096	11.0405	1.0039
0.1010	-4.3526	0.1238	-1.0442	8.8513	1.2800
0.0725	-5.7230	1.3499	-0.3324	8.2194	3.4643
-1.4654	0.4345	6.5287	1.2319	0.2684	-1.5884
-0.4756	-3.7669	7.2717	2.3243	2.7868	-0.6129
0.1183	-4.3503	-0.5106	-2.0445	10.7873	0.6657
-0.2276	-4.7534	-0.5977	-2.2055	11.5319	1.1678
-1.5270	1.4289	7.0658	1.6341	0.8725	-2.5946
1.6748	5.0449	-1.5360	5.1742	-1.4758	-4.0974
0.3101	-0.7168	3.6076	-0.9154	3.2153	-1.3723
0.0819	-4.7734	-0.2473	-1.6964	9.1712	2.4868
0.3033	7.6969	-1.3838	2.9085	-0.7774	-4.8421
0.4646	-0.3588	-1.9121	9.8156	-0.9523	-3.3189
1.3618	-5.5942	-0.6351	-2.1884	-0.7541	12.7949
1.1710	0.5858	-3.8119	12.6650	-1.8837	-4.1226
0.5790	-0.5123	-1.0493	8.6930	-1.9513	-1.0796
-2.3629	-0.3879	7.0509	1.7599	1.2577	-1.5391
-0.2758	-2.1248	11.1176	-1.2272	-0.2102	-0.3209
0.4055	0.8202	-2.3906	10.8437	-1.3190	-3.7584
1.7772	0.5321	2.8232	-0.2454	2.5383	-2.1751
1.8163	0.3640	-3.0382	7.7566	-0.6098	-1.7830
2.7921	-4.2961	-2.4287	-1.5541	9.2221	1.0874
1.6822	0.9038	3.7238	0.8195	-0.1784	-1.0484
2.6419	6.1165	-4.2294	4.3390	-0.8438	-4.3085
0.3127	6.6078	-2.1190	2.1917	0.3368	-3.4594
0.7336	-3.8683	0.5925	-2.4594	0.7483	8.6902
0.3074	-0.7385	-0.8805	8.9697	-2.1634	-0.8008
-0.1240	-4.4710	0.6584	-1.7012	9.7841	0.8576
-0.8447	-3.5572	4.0382	-0.8318	6.0666	0.2271
1.8173	1.2096	-3.2256	0.0438	4.7519	-1.1403
2.1527	9.6185	-1.4866	0.8141	-0.7952	-4.7893
2.3578	-4.5635	-1.7658	-1.0583	6.8987	3.9692
1.3065	-1.5101	-0.7460	-0.4726	6.5195	-0.2674
1.0037	-4.9442	1.3148	-1.3063	6.1846	3.2834
2.0667	-2.2104	-3.4195	-2.1750	-0.6958	12.3759
-1.3673	-4.3998	11.4833	1.9059	-1.6253	1.0935
2.2054	8.4919	-3.4455	1.8654	-0.5615	-4.3579
1.2549	-4.5585	0.1892	-1.5229	4.1838	5.7246
3.5240	-1.4364	-3.6805	8.4424	-0.9619	-1.2013
-0.0115	-2.6517	-1.8074	1.6288	7.7113	-1.5375
12.7708	2.9205	-2.6577	-1.2118	-2.0129	-1.8695
4.8290	11.3333	-3.6186	0.5380	-0.5714	-5.6996
9.6905	3.7688	-6.4951	0.8039	-1.1565	-0.3594
1.8190	-3.5333	-1.4723	-1.2321	0.3385	9.5212
1.7680	-4.0839	-0.5970	-1.9488	2.0337	7.4800
-1.2599	-0.9509	5.4665	-1.2609	2.7289	1.4177
3.1844	-4.9889	-2.6421	-0.4490	8.5687	3.3395
-0.7858	-1.0726	4.8211	2.4306	1.8172	-1.4419
-0.0809	-5.7924	0.3893	-2.6107	12.2575	0.2997
1.6627	9.4975	-2.4187	1.8103	0.1183	-5.6337
1.2301	-5.2140	-0.4577	-2.0491	8.2032	2.5523
1.7584	-3.9014	-2.7871	0.5602	7.0653	2.7598
2.9580	-5.1491	-0.7522	-0.0127	5.9890	2.8937
1.6283	3.1252	-1.8747	2.1095	-0.8314	-0.2824
2.2217	-4.9422	-1.9212	-0.8993	8.1709	2.9388
-0.3052	-4.7868	-0.2436	-1.9050	11.3620	0.4703
4.1484	8.7944	-3.0889	1.0704	-0.6319	-5.1124
0.5847	-4.5087	0.3203	-1.3595	8.8481	1.1451
2.1769	2.0437	-1.4546	-0.0649	-0.3715	1.4839
-0.2643	-4.9374	1.0136	-2.3670	10.7568	0.6046
0.0441	0.4779	-1.0965	0.1930	6.3167	-1.4717
-0.3776	-2.1457	3.1540	-0.6840	6.4506	-0.8588
1.7817	-2.3436	-2.1230	-1.0288	0.3896	8.5221
3.6113	3.3433	-2.5743	0.4138	-0.6946	-0.0455
7.7303	6.8615	-4.3132	0.0879	-1.0762	-3.1766
1.7074	-0.6298	-3.1691	12.6911	-1.4148	-2.9607
-2.7564	-4.9701	13.5556	-0.1054	1.2196	0.5478
2.2421	1.9288	1.1871	-0.3986	0.4382	-1.9389
4.9888	7.2769	-3.8644	0.5271	-0.2657	-3.5059
5.3060	-3.0198	-1.6575	-2.1686	0.4794	5.0510
1.4864	7.9546	-2.2180	-0.3708	-0.9417	-1.7057
0.0407	5.4684	-1.9949	1.0394	3.5621	-3.2655
-0.3550	-4.0118	0.6074	-1.0068	8.2842	0.6391
-0.7420	-1.8814	10.5123	0.9728	-1.0186	-0.8189
1.6765	8.5648	-2.0868	0.3854	-1.6758	-3.3287
6.3242	6.8864	-5.5398	1.7255	-1.4938	-2.3033
5.9683	6.6741	-4.3102	0.0013	1.1158	-3.3284
1.0049	-4.3176	0.4233	-0.7937	7.2766	0.8206
2.9686	9.9327	-3.0672	0.5986	-0.2742	-5.2141
0.3470	-4.5885	0.0959	-2.2336	10.6517	0.9543
1.1816	0.6828	-2.4520	8.7827	-0.9805	-2.6675
0.8584	2.7797	-1.4659	6.6813	-1.0435	-3.8771
-0.4281	8.3809	-1.2571	0.9841	-0.0436	-4.5582
2.2973	9.0536	-4.1586	1.3004	-0.2349	-4.0347
-0.6278	-2.4572	6.6391	4.5932	-0.9582	-0.7436
0.3958	-1.8132	12.1601	-1.0509	-1.3518	-0.4043
0.2166	-4.0542	1.9456	-0.3911	7.8288	-0.9368
-1.0634	-0.5824	4.9162	2.3813	1.9082	-1.3878
2.2911	2.8334	-3.6185	0.5839	1.6928	-0.5491
3.2503	9.3968	-2.8094	2.0060	-0.9564	-6.1523
0.1758	4.2040	-2.1627	0.2983	0.1824	1.3985
-0.6387	-2.2853	0.1182	-0.2307	7.5586	-0.4128
13.7782	2.1886	-3.0349	-1.4537	-2.2256	-1.1667
0.6561	8.1012	-2.0724	2.8046	-1.0027	-4.7586
5.2357	4.8673	-5.5160	1.6217	-1.2042	0.0932
1.2452	-4.1132	12.2222	-0.6372	1.0423	-0.4424
2.7662	0.8007	-4.1847	8.9806	-2.0044	-2.0458
0.2733	-1.9038	0.6549	-1.2712	6.4581	0.3644
-2.6641	-4.5610	13.9497	-0.3224	1.5805	0.2713
3.0107	-0.7410	-2.8604	4.6606	0.3469	0.3835
0.7576	-1.4868	-1.6930	10.6927	-0.9514	-1.9349
-0.2871	11.0539	-2.4247	1.3431	-0.4058	-4.1250
1.1191	0.3257	-2.2229	10.7308	-1.4168	-3.9216
0.2218	-4.5473	-0.5195	-0.4241	7.6904	2.8551
-2.7296	-4.9153	13.4411	-0.0905	1.1985	0.5241
1.3282	3.0290	-2.0300	1.7997	1.5883	-2.4427
1.9042	6.7895	-3.9738	5.2825	-2.0425	-3.6157
3.5846	9.3216	-3.0666	0.9268	-0.4244	-4.3281
0.4610	8.4981	-1.8206	0.1051	2.9191	-4.3685
0.1767	-4.4149	-1.3082	-0.7066	6.1543	5.0711
0.8551	7.0320	-2.7610	3.1975	-0.1251	-3.7234
5.3652	9.3669	-3.5729	0.4685	-0.0919	-4.5319
0.7869	5.9455	-0.4948	2.2669	-0.5305	-4.4339
2.2858	-3.4017	-1.1350	-1.9716	7.6865	1.6002
1.3716	0.0032	-3.0582	0.4060	6.8211	-1.5693
0.9725	6.5590	-1.8030	2.9916	-1.6939	-4.0283
-0.5884	-4.0548	11.5525	0.0317	1.1123	-0.7219
1.0441	5.0821	-0.8026	2.0532	-2.2395	-2.3588
-1.3189	-4.6261	12.4065	0.8334	0.4764	-0.7220
0.6406	-2.4912	0.0640	0.5854	0.3653	5.3850
-0.0384	-3.0963	1.3700	0.0097	6.4218	0.2046
3.7591	4.0951	2.1008	-0.1534	-1.4901	-2.8178
3.6717	-1.5646	-3.9903	10.6574	-1.4638	-1.2157
4.6966	-4.7082	-2.1134	-1.1566	6.2746	1.7237
1.0642	-1.8134	7.2806	-0.0802	-0.8373	-0.2575
-0.6767	-2.9055	1.1242	1.9318	5.9394	-0.7974
0.8483	-4.5232	-1.7947	-1.4635	11.0184	0.1901
-0.1881	-3.5806	7.1446	0.4748	1.3169	0.6285
2.0502	-4.0017	-1.1178	-0.3813	4.1534	4.7439
0.0365	-2.9973	-1.6511	-1.5320	9.4052	0.6924
0.1759	-4.1338	-0.1622	-2.1159	9.3138	1.1181
0.6400	-3.5352	-0.7995	-1.8596	0.8121	12.5869
0.9419	-2.7716	-0.6122	-1.3455	0.9511	10.0775
2.6447	-3.2995	-2.2894	-1.5485	7.9446	0.6777
-0.1626	-3.3255	-1.5695	-0.4916	9.4774	-0.1004
-0.8571	-5.1190	0.2309	-2.1897	11.2871	1.5740
-1.5237	-0.5622	1.3782	5.1916	1.1675	-1.7681
8.6452	-1.0142	-2.7966	0.3304	-1.4596	2.8268
2.7848	10.0883	-2.6624	0.7298	-0.0328	-5.3848
0.4934	2.5072	-1.4923	6.4983	-0.6091	-3.3843
-0.0393	-4.2322	-1.0659	-1.8916	8.2655	3.5068
1.2727	-4.4979	-0.5146	-1.9671	8.6914	1.3999
1.5374	-5.1522	-0.6703	-1.8815	7.5090	3.3028
0.6399	8.3873	1.0039	0.9158	-1.1910	-5.0347
1.4886	9.4725	-1.9278	1.6510	-0.3943	-5.6108
-0.4870	-2.4503	0.8933	1.2287	6.2990	-1.1275
1.4214	8.1650	-2.0668	-0.3424	-0.9716	-2.0170
-1.2545	-2.8684	9.4693	-1.2164	0.8638	0.6001
-0.3676	-3.4304	0.2913	1.5422	7.9695	-0.7195
1.5434	-5.1309	-0.6753	-1.7806	7.4427	3.2995
-0.9881	-2.4340	3.8259	-0.8485	6.4411	0.0281
-0.6423	-2.1137	7.7546	-0.7222	0.5666	0.2015
-0.3278	-4.9708	0.1934	-1.7770	10.5802	1.2834
1.4442	-1.4512	5.9804	-1.1967	1.7499	-0.3947
1.6314	-5.1154	-0.7090	-1.8667	7.4047	3.2618
1.7957	8.8114	-2.4710	1.5338	-0.9803	-3.8852
1.4952	-1.4027	4.8461	-1.2145	2.1889	0.0613
-0.6717	-3.4474	4.4257	-0.9587	5.6302	0.2814
2.6829	6.7812	-3.9360	1.8364	0.1107	-2.5154
-0.0817	7.4337	-1.7506	2.5740	-0.8969	-4.3069
3.6282	10.9796	-3.4974	0.8276	-0.2227	-5.6241
2.1874	9.3617	-3.2514	1.8608	-0.5449	-4.9177
1.4306	0.8132	-1.2320	4.8074	-0.0493	-1.1273
2.0053	2.8707	-1.7632	4.9156	-0.0425	-3.6025
4.3819	-3.6387	-3.4661	-0.2436	-1.3155	10.0035
0.1601	-4.7617	-1.1928	-1.6196	10.5913	0.5663
-0.0920	-4.7916	0.1250	-1.5775	10.0334	1.3742
2.9750	8.6872	-3.2116	1.5838	0.1380	-4.7879
9.8449	-1.8646	-3.4872	1.0791	-1.8893	2.8170
0.3648	4.0283	-3.2171	7.0736	-1.2750	-4.6458
8.2759	3.3356	-3.9671	0.8287	-1.7561	-0.2163
1.4007	6.7164	-2.5200	0.9935	2.0804	-4.0977
4.3458	-2.0131	-2.2286	2.3295	3.1047	-0.9824
7.8796	3.6684	-5.9296	1.1521	-1.4404	-0.0661
2.3957	-0.3748	-3.8089	11.6319	-1.4829	-2.4129
-0.2795	-2.8239	0.7202	1.4794	6.2791	-0.9459
0.6380	0.0876	-0.9268	10.8370	-1.0569	-3.6230
0.8399	6.2356	-2.9288	2.1765	0.3276	-3.9660
0.2215	3.0816	-1.4097	0.3697	3.8679	-2.4763
-0.1566	-4.9563	0.2579	-1.9356	10.1198	1.6652
0.7561	-1.1593	4.3719	0.8533	-0.4304	0.6209
-1.4730	-0.2731	6.4428	0.7447	1.2395	-1.4288
-0.1018	-4.7845	0.1222	-1.5816	9.9835	1.3628
0.6910	-4.2108	-1.2551	-1.1946	9.8965	0.8408
1.4556	0.1228	-2.4138	10.4734	-1.9799	-3.2667
-0.7752	-4.5203	1.0042	-0.4330	8.3770	1.4986
0.5134	7.3565	-1.6198	2.5277	-1.3608	-4.3178
0.5803	-2.2826	7.7313	0.3502	0.3756	-0.8138
0.1680	-2.6734	-1.4637	-0.2134	9.8412	-1.0925
-0.2637	-4.2505	1.4012	-0.2863	7.3604	0.8839
1.9250	-1.0046	-2.9559	10.4008	-0.7336	-1.3404
0.0169	-4.1344	1.4054	-1.3907	6.0918	3.8325
3.6763	-0.1030	0.0423	-0.7522	4.5271	-1.7143
0.6794	-1.9945	1.0650	-0.3549	6.9415	-1.7840
-0.3505	0.9243	-1.5484	9.8899	-1.2237	-3.2360
1.6028	-5.1235	-1.4231	-3.0071	11.0577	1.1655
4.6449	4.5390	-5.0920	1.3199	0.0457	-0.7829
1.0797	0.5026	-1.5072	9.0348	-1.2260	-2.9716
1.0440	6.4704	1.5613	2.8714	-1.3008	-5.1085
-0.0939	-4.7720	0.1345	-1.5718	9.9573	1.3696
-1.0800	2.4528	2.7684	3.8308	-0.4165	-3.2191
-0.1576	-4.5436	0.8470	-1.6693	9.5090	0.6390
0.9900	-4.4092	-1.2973	-1.0536	8.3925	2.7652
-0.2516	0.1518	9.3905	-0.3174	-2.2035	-0.6951
-0.4912	-5.1500	11.5852	-0.0601	2.2526	-0.1003
-1.0013	1.8334	0.6504	-0.0829	3.7979	0.2995
3.8706	7.5385	-3.5203	0.3174	1.4789	-3.7436
3.9339	6.4104	-4.6904	0.6818	-0.7369	-1.5903
0.5905	-5.2856	0.7594	-1.8826	10.4379	0.8977
1.5853	-4.2445	-2.0031	-0.7800	6.6274	4.1283
14.1197	1.0557	-5.9013	3.1572	-2.0023	0.0047
1.1099	-4.4834	0.3061	-1.0903	8.2871	0.5710
0.3089	-3.0258	-0.3195	-1.6717	-0.2818	11.1761
2.6765	-5.4344	-2.4141	-0.4300	8.2272	3.6298
-0.9549	-2.0010	9.5842	-0.3817	1.0709	0.2217
-2.1136	-3.8184	11.5595	1.4446	1.4970	-0.3271
-0.6858	-5.0648	1.9610	-0.7811	9.1916	0.7889
5.2653	-2.2746	5.3794	-0.9219	0.2470	-0.6820
-1.0607	-3.2124	4.4807	1.7962	2.1131	0.4774
5.7774	3.3690	0.1504	0.2634	-1.7227	-3.5333
4.2563	5.8238	-3.0029	1.2012	-0.9549	-2.2305
0.9622	-4.5004	-1.1779	-1.1271	8.8269	2.3242
14.0285	1.0678	-5.8965	3.1555	-1.9993	0.0052
0.7846	5.4939	-3.2940	4.1603	0.5506	-3.3045
8.8030	-0.8356	-4.7473	-0.2630	1.8314	2.0775
6.0278	3.6267	-6.1009	1.0717	-1.6077	2.3427
-0.2237	-5.4289	0.2556	-2.5892	11.9263	0.5892
0.8568	-5.1468	-0.3665	-1.2818	10.0238	1.0939
0.7518	10.4798	-2.3919	1.3709	-1.0551	-5.2101
1.6833	-4.4847	-1.5185	-1.6845	9.1968	1.6298
0.2939	2.5212	-0.8659	4.7022	-0.8884	-1.6660
0.4889	3.0774	6.2804	-0.5690	-1.4050	-2.2312
8.8552	2.0456	-4.5570	1.5911	-1.5655	0.5351
2.7932	-4.4215	-3.0224	-0.7023	8.6806	2.7304
8.2344	4.6053	-3.1087	0.0437	-1.6817	-2.4964
0.7059	-3.5323	-0.8097	-1.8615	0.8355	12.5743
3.5929	-3.4421	-1.9298	-1.3268	3.9421	5.0266
1.6170	-1.8475	-2.9023	4.3119	2.7567	1.4175
0.4746	8.1608	-2.0498	3.0956	-1.1086	-5.0234
2.3120	10.3268	-2.1487	0.8920	0.0452	-5.4210
2.0763	-1.0353	8.4909	-1.6193	-1.2926	-0.3485
0.5772	-3.4271	-0.5539	-1.7724	1.1020	11.7403
1.9869	-4.3743	-1.2257	-1.5102	1.7457	9.9467
1.8077	-4.2789	-1.0529	-1.2640	2.3467	7.9899
-2.5467	1.7270	4.1868	-0.0023	3.5752	-0.0623
4.3650	-4.0174	-1.6036	-1.3511	2.1330	5.7297
0.8434	-3.8519	0.2948	-1.1826	0.7528	10.7888
0.1112	-4.5824	-0.2159	-1.5877	8.9807	2.5265
8.9858	1.3048	-5.5564	1.7829	-0.6479	1.7390
1.3182	-3.2367	-0.7456	-1.5954	1.6178	8.8724
1.3033	-1.7709	8.0764	-0.3416	-1.7702	-0.1556
0.2105	-2.5564	8.8522	-0.3253	2.2904	-0.5415
1.0862	-3.7854	-0.9362	0.8241	3.3974	4.7863
10.9177	-0.1828	-4.0003	1.1327	-2.3624	1.6355
1.1711	-3.4394	1.8442	-2.7591	-0.5107	6.1323
-0.3664	-5.2389	8.1763	-0.4874	2.5660	1.6862
1.7925	8.4928	-1.1294	0.8924	-0.4194	-4.2064
1.6073	-3.9445	-1.3326	-1.5597	1.4311	10.6387
2.4066	2.6596	4.0164	-0.5527	-1.2345	-1.6676
1.6722	-3.8313	-1.3174	-1.4606	1.4800	10.1923
6.5470	-2.7914	-3.0634	0.3573	2.5645	2.5669
-1.8262	0.2395	7.0262	1.6805	0.7365	-1.8585
-0.0636	-4.5248	0.3001	-1.5406	9.4494	1.1207
-1.9312	-1.4145	6.5573	-0.3933	4.6094	-0.3353
0.9883	0.3760	-0.8872	8.4939	-1.2879	-2.9172
1.7298	1.5241	-3.1201	0.3803	5.2827	-1.8543
4.1539	2.3638	-1.4118	2.2152	-0.1161	-0.9649
2.1824	-4.4801	-1.7413	-0.8989	6.9963	3.5290
8.2060	5.0739	-3.0967	0.1344	-2.0326	-2.6722
1.6706	-4.5165	-0.9371	-0.7351	7.0021	2.3433
2.9343	-4.9052	-0.7991	-1.9137	4.6199	6.1834
0.3194	-5.2924	0.4907	-1.5639	11.2017	0.4098
8.0177	5.1740	-3.0817	-0.1345	-1.6548	-2.6703
3.8145	-5.6774	-0.7240	-2.2221	6.9639	4.3428
2.5503	-3.7630	-2.5416	-2.8331	10.9750	0.3385
1.4492	-3.9179	-1.8217	-0.7608	7.5016	2.7101
5.4105	3.9736	-2.6634	0.0114	-0.2717	-0.8089
-1.1640	-4.4605	10.4347	-0.7251	2.5964	0.4710
0.9360	-2.4996	-2.7231	7.3470	2.6167	-1.0743
-1.2694	-2.5694	11.3214	2.2347	-1.6770	-1.9919
-0.8081	0.6214	9.9975	0.8084	-0.8143	-1.4023
1.6832	-3.2349	-2.7301	-1.2023	10.8796	-0.4031
2.6531	0.3767	6.2349	-1.7128	-1.2179	-1.1758
3.6011	0.2948	-0.9710	0.6558	2.6494	-1.3030
0.5253	-3.9281	0.5342	-1.0097	-0.1659	9.8746
-0.7012	-4.2722	11.2074	-0.8681	1.8845	0.2085
-0.2426	-3.0197	10.0010	0.6125	1.5744	-1.7404
0.8475	7.0420	-2.0713	4.8011	-0.6095	-5.6935
0.0037	-4.4611	8.7124	0.2112	1.4270	0.5057
-0.5664	-4.7857	9.0671	-1.2496	3.1174	0.9432
-1.1885	-3.8796	12.1250	0.2184	-1.1823	0.1895
-0.1988	-4.8458	0.4532	-1.8843	9.8404	1.5796
-0.3861	-4.6225	-0.2989	-1.6144	11.0740	0.5261
0.0244	-5.6804	2.1182	0.5082	6.5637	1.5340
-1.0097	-4.3574	10.2861	0.4920	2.4068	0.2858
0.9404	-3.3143	-0.6539	-1.6873	1.1916	10.8915
2.4153	-2.5560	-2.7685	-1.8061	3.4832	7.3152
1.8453	-3.6358	-0.7909	-2.1135	2.8968	8.5144
2.1715	-5.0556	-0.8875	-2.1374	5.3225	5.6731
2.0921	-4.4829	-1.0051	-2.4035	2.3310	8.9062
1.6924	-3.2356	-1.7731	1.7519	2.1340	5.0904
3.0094	7.4599	-0.2442	0.2727	-1.0081	-3.9274
5.0567	8.1958	-4.2861	1.0315	-0.6862	-3.8957
5.0927	1.2444	3.8995	-1.8569	-0.8160	-2.8413
0.0405	-1.7838	7.6092	-0.5394	-0.0046	0.3617
4.6920	3.1826	-4.9747	1.8775	0.1860	-0.0336
0.4946	-0.0221	-1.9450	9.0537	-0.7837	-2.9625
2.3237	6.9659	-4.1343	3.0569	-0.2951	-4.0134
0.7247	-0.0970	0.0734	-0.5950	4.0317	-0.0008
0.4620	-4.7453	-1.0308	-1.8298	10.6766	1.4434
-0.2377	-3.5086	-0.0678	-2.0708	10.0031	-0.3325
-2.1879	0.4487	6.0598	0.1790	3.4697	-0.4971
-1.9866	0.4149	6.3231	0.3220	3.7569	-1.0936
-1.9702	0.3369	6.3647	0.3754	3.7942	-1.1157
-1.6243	-2.6107	2.9332	-1.7119	7.8615	1.6320
4.8174	6.6573	-3.8605	-0.3633	-0.1851	-2.0060
4.0001	7.3018	-3.7640	1.2399	-0.9672	-2.7923
3.6650	6.1480	-3.9008	1.5238	-0.8309	-1.7474
3.9635	6.5504	-3.6465	0.6061	-0.6010	-2.0787
0.8521	-3.8352	10.9937	-0.5641	1.5938	-0.3043
1.2052	9.0369	-2.8243	0.8385	-1.1305	-3.2889
1.4143	8.4484	-2.8871	0.5823	-1.1093	-2.8097
1.1047	9.3588	-2.8589	1.1564	-1.1729	-3.8347
2.7816	9.9341	-1.7153	0.6202	-0.6903	-5.3764
-0.2322	-4.6843	0.2800	-1.1777	9.7637	0.9075
-0.3125	-4.5962	0.3881	-1.9649	10.3850	1.0884
1.4210	2.9673	-2.3312	5.3042	-0.8435	-2.8830
1.0142	-4.8645	-0.2136	-0.4710	5.8339	4.2123
1.8596	7.3105	-4.1294	3.5096	-0.6481	-3.8622
2.6717	6.5232	-5.0002	3.3870	-0.2034	-3.6548
3.9622	-0.3211	-3.8748	8.6803	-1.2637	-1.8469
2.6588	-0.6920	-3.8470	12.9821	-1.6859	-3.0658
3.1396	13.4974	-2.0568	1.3607	-1.2252	-7.0704
0.5129	-1.1631	-2.3181	5.6410	2.3749	-1.0284
1.4214	-1.1418	-2.4885	3.9816	2.6433	-0.2336
-0.2819	-2.8969	0.5958	-1.2633	6.7060	1.3434
-1.1050	-4.5660	12.2059	-0.7636	-0.7880	0.7508
-1.3425	-5.2006	7.5592	-0.7695	3.2241	2.2253
-0.2021	-4.0822	2.2683	-0.5996	4.5065	3.5364
5.0339	4.1107	-0.4257	0.2874	-0.6682	-3.1714
2.1095	0.4103	-3.6143	1.7690	-2.4415	6.4232
2.5573	-3.3981	10.7647	-0.8331	0.9776	-0.8230
-0.3524	2.3472	8.6967	-0.5185	-1.9707	-2.1949
-0.5869	2.1074	9.5436	-0.6122	-2.1164	-2.0199
-0.0775	2.5151	8.4426	-0.5724	-1.9782	-2.1774
-0.4490	2.0362	9.3246	-0.6025	-2.0582	-1.9862
6.5406	1.9861	-5.6558	2.2331	-2.2431	2.3529
7.2485	4.3524	-6.7887	2.1861	-2.2004	0.5035
-1.9419	-2.2163	4.6042	-1.3316	5.5185	2.8222
7.4098	7.7707	-4.5906	0.8162	-0.5327	-3.9183
4.6957	-2.2793	-3.6405	6.9687	0.4487	-0.5353
4.8822	-1.3751	-3.3811	7.7863	-0.3938	-1.8533
1.7780	0.0919	-1.4167	4.9980	-0.9140	-0.2534
-0.3400	-4.0642	0.4676	-2.0416	10.1510	0.6217
0.9784	-0.4223	-1.7386	7.8361	0.0679	-1.9883
4.0091	5.7202	-3.1680	0.6638	0.6151	-2.1946
-0.0115	0.2459	-1.2583	8.4613	-0.1955	-3.0845
0.4505	-0.1850	-1.4364	8.0250	0.0016	-2.4078
0.1011	-2.9497	9.1358	0.1853	0.7415	-0.7838
0.0165	7.4118	-0.7571	0.3596	0.7222	-3.6185
0.0614	-4.3197	1.1614	-1.7414	9.4274	0.5288
-1.6383	-3.1802	11.9023	0.0553	1.5545	-0.5449
-0.2147	-3.9693	-0.2980	-2.1322	10.0606	0.8488
-1.6128	-2.9571	11.7829	0.1546	1.5033	-0.7129
1.6538	8.6938	-1.5309	0.9567	0.0296	-4.4745
2.3173	-2.7592	-0.9188	1.2743	-0.6981	6.3747
0.8542	-5.1505	-0.3608	-1.2839	10.0267	1.0923
2.3255	-0.2303	-3.3341	1.0988	-1.2998	5.8881
1.0202	-1.0505	9.2840	0.4238	-1.7810	-1.9472
4.6498	9.9992	-3.6298	1.2062	-0.3197	-5.4142
0.2432	-3.6654	4.3235	1.4953	3.7734	0.0417
5.7427	3.5914	0.4206	-0.6946	-0.9733	-3.0005
-2.0368	-2.5571	12.1937	0.3226	0.9232	-0.6338
-0.9824	-4.5158	10.6138	0.1115	2.2742	0.4716
0.2774	2.4391	-2.9606	8.0218	-1.2848	-4.0658
-0.3830	-3.8859	2.8597	3.4240	1.3474	1.3325
-0.4620	-5.2166	4.6257	0.2761	3.5719	2.9094
2.7034	2.3722	1.0344	-0.6375	-0.0093	-2.0331
1.1694	-4.4564	-0.6230	-0.1787	5.2986	3.9619
1.0895	2.0009	1.0925	1.2526	0.5621	-1.6469
-0.4440	1.4187	-0.9672	1.8879	1.8755	0.1812
0.2616	-0.0069	-0.5509	10.0587	-1.1873	-3.1086
-0.2594	0.3813	-0.7858	2.2323	2.3265	0.1265
-0.9152	2.4903	-0.5988	1.0504	2.1027	0.2228
0.1772	-1.2276	-1.3357	12.0034	-0.8151	-3.1645
1.4871	-1.5393	-2.8611	0.2055	7.3911	-0.2149
2.4067	4.3685	-5.2206	6.1801	-0.3082	-3.0322
-0.9490	-0.9218	-2.1165	11.3396	-0.2738	-1.9202
1.3301	1.0136	2.7904	1.7732	0.3696	-1.6958
0.1537	-1.1450	-0.8474	5.1423	1.2032	0.6055
0.9391	-1.9492	-2.0450	4.7356	2.2009	0.7781
3.3711	-4.8466	-3.0293	-0.3592	5.9163	4.8954
2.1364	-1.4255	-1.5596	7.8593	0.1054	-0.4307
-0.1781	-3.8640	0.4395	-0.4148	5.1623	3.5497
0.9110	-0.2848	-2.4057	11.8544	-1.8862	-3.2842
-1.7503	-4.4124	12.2057	1.1238	1.1567	0.0645
0.4519	8.4271	-0.9656	3.8191	-1.4772	-6.1640
0.6362	8.8618	-2.6226	-0.0222	3.0211	-4.3211
2.2181	9.3569	-0.8115	0.7262	-1.1300	-4.6909
-1.1192	1.1836	6.1174	1.1124	0.1353	-1.8838
-1.4833	0.2707	7.2939	0.8731	0.0726	-1.2111
0.4630	-1.1833	-3.2084	9.0650	0.5532	-1.7207
-0.3433	-4.3711	0.2110	-0.9925	7.4243	3.1016
-0.0551	-4.7485	-1.0328	-1.4247	9.8241	2.6363
1.5609	4.3578	4.4483	-0.5802	-1.0541	-2.7590
1.6369	0.4460	-3.5386	9.6751	-1.8687	-2.3664
0.0732	3.7389	3.5079	1.4605	-0.1236	-3.3021
-0.7001	-0.0612	7.8105	0.5211	-0.7743	-0.9595
-0.4218	0.1953	8.7927	-0.0747	-1.7963	-0.8061
-0.1547	-0.4439	7.1407	0.4886	-0.1895	-0.7538
-1.2137	-0.2880	7.2627	1.2988	0.2321	-1.4273
-0.0900	-4.7425	0.5584	-1.6192	9.4433	1.7742
-0.0931	-4.7104	0.4323	-1.6513	9.4852	1.6432
0.6557	-5.5027	0.9285	-1.7224	10.3325	1.3652
-1.6450	-2.1390	7.2998	3.3603	0.6560	-2.1955
-1.4986	-1.5266	6.0492	3.7304	0.5190	-2.2647
-1.6759	-1.6659	7.1395	3.0966	0.4449	-2.0669
-0.2380	2.4430	-0.4735	4.7772	-1.5046	-1.6029
-0.4285	2.6148	-0.2023	4.4446	-1.7387	-1.6547
2.7944	1.1322	1.6014	-0.3947	1.5042	-2.0341
0.1295	6.1409	-1.8796	4.0478	-1.2260	-3.7185
0.0452	3.8975	-1.3466	4.3301	-1.3162	-2.1465
1.4624	-1.7968	-2.9330	3.9932	3.0481	1.4337
-0.7704	-4.7986	3.5881	-0.6841	7.4198	0.8388
-0.1636	-4.7685	0.5777	-1.7372	9.6837	1.3652
-0.1696	-4.0842	0.7067	-1.7095	9.3557	0.9289
-0.3244	-4.8803	-0.8468	-2.1744	11.7198	1.0376
3.8654	4.6358	-2.4387	0.1933	-0.8380	-0.4816
3.8883	4.8315	-3.2365	0.7177	-0.6066	-0.4340
8.2828	4.7364	-5.8201	0.5212	-2.3551	-0.6744
0.6261	-0.8200	-1.6688	11.8852	-1.0855	-3.1336
1.8536	2.1425	-5.5284	5.6524	4.0811	-3.0514
1.4938	6.6662	-1.1098	2.5228	-0.2172	-5.0734
0.3897	-3.8442	-0.2869	-1.2949	4.5748	5.7740
0.7901	0.1331	-2.2322	9.8276	-1.7327	-2.8432
-0.5479	-1.2256	5.5244	-0.9921	3.0797	0.0266
1.4522	-5.0337	-1.0065	0.0910	6.4277	3.6607
-0.2111	-2.9317	10.1824	0.0790	-0.2101	-0.3467
0.3103	-5.4897	1.0292	-1.9051	10.9243	0.6224
0.0727	-4.6666	-1.0599	-1.8154	10.4149	2.1324
0.0439	-4.0672	-1.2402	-1.4164	10.0433	1.6770
1.5821	5.9601	3.2211	-0.2869	-1.0629	-3.2396
0.5315	-3.7864	0.4489	-0.8831	-0.5611	10.0970
-0.5005	-4.4663	5.0428	-1.0072	4.3968	2.1954
-1.2601	-4.3292	6.6757	-0.9445	3.9581	2.1425
-0.3188	-1.7815	6.2834	-0.6978	3.0023	-0.1633
-1.7758	-3.4804	11.4200	0.0572	2.0765	-0.3810
1.4979	-1.2153	9.5069	-1.1139	-1.4295	-0.4984
1.9419	-1.3026	10.7473	-1.4918	-1.8630	-0.6805
-1.5428	-3.9194	11.0725	-0.7760	4.1774	0.0559
-1.3688	-1.8824	4.0842	5.7236	0.0677	-0.7683
-1.5526	-1.3847	1.0389	5.7965	0.5940	0.0232
5.1092	-4.3459	-2.8545	-1.2370	6.2803	2.1132
-0.1283	-1.2817	-1.9244	10.3758	-0.0751	-2.2996
2.8733	7.5749	1.1129	0.1278	-1.8193	-4.5743
2.3727	-4.8536	-0.7338	-0.4347	3.6775	6.3756
-0.7161	-4.2706	5.0476	-0.1129	4.3731	2.7486
-0.0563	1.4486	-0.7204	0.7432	0.7426	1.6738
3.1598	-2.5189	-2.0525	1.0121	2.2971	3.7074
-0.2314	-4.2747	0.7518	-1.6880	9.0371	1.2660
13.0597	1.9471	-2.8132	-1.4891	-1.9519	-1.1895
13.1738	2.7910	-2.8273	-1.2775	-2.1153	-1.6887
12.7741	3.1010	-2.6960	-1.1855	-2.0244	-1.9853
0.0765	8.8146	-2.2203	3.2971	-1.4964	-5.2726
0.0056	8.4413	-2.0359	2.8963	-1.1888	-5.0498
0.8346	11.2355	-2.4206	1.1558	-0.6965	-5.0436
0.9888	6.3551	-2.6936	2.7569	-0.0965	-4.3654
-0.2649	7.8178	-1.2369	1.5346	0.0178	-4.4680
-0.1060	-3.1959	0.3875	-1.7700	1.1622	10.2229
-0.2112	-4.4441	0.4715	-1.4780	9.4744	1.0463
-0.3703	-4.0341	0.7623	-1.4142	8.8456	0.6886
2.3607	0.0311	2.5020	-0.4659	2.0139	-0.6997
1.6179	10.3533	-2.3844	0.3605	-0.8410	-4.0457
2.7434	10.0007	-3.1220	0.2919	-0.5629	-4.2703
1.2101	-2.9271	-0.3981	-0.5668	1.4110	4.9679
1.2986	2.2761	-4.6105	1.7168	5.6608	-1.4894
2.0415	1.5911	-3.2589	0.1348	5.4614	-1.7596
1.7746	0.8688	-3.4836	0.2945	6.2305	-1.1848
-0.8271	-4.4263	12.3558	-0.0294	1.3583	-0.6453
0.1188	0.9979	-2.8486	9.0370	-1.1005	-2.3896
-1.1718	-4.8193	8.7854	-0.4182	3.9281	0.6374
1.2233	9.8538	-2.5553	1.3777	-0.7198	-4.8728
3.5369	6.8645	-5.7396	0.6384	0.5646	-1.3161
4.0774	7.1431	-5.6418	0.4787	0.5438	-1.9784
3.0032	7.1230	-5.1058	0.6308	0.0501	-1.6339
3.3445	8.4408	-5.1183	0.8297	0.9423	-3.4798
4.3913	6.2961	-5.4951	0.8088	0.3027	-1.4522
3.1299	7.0441	-5.5230	0.5439	1.6572	-2.3239
4.9193	-0.2396	-0.1215	0.3748	2.4657	-1.5243
1.3257	-2.4032	-2.8967	-2.4651	-0.5591	12.5254
0.1154	-2.7829	-0.1365	0.4146	5.0456	2.1220
-0.5054	-4.0762	9.8657	0.3016	2.4910	-0.3263
-0.6612	-4.6806	10.9061	-0.1838	2.4309	0.0226
-0.2939	-4.6604	1.0457	-0.8145	8.7134	1.8142
6.4238	7.7597	-5.4552	1.3234	-1.3241	-2.9798
3.2491	10.6373	-2.8634	0.8345	-0.5471	-5.4705
2.4078	10.3753	-2.6876	1.2462	-0.3065	-5.7021
-0.4778	8.7787	-2.4502	3.9047	0.2616	-6.5550
0.8552	-0.6317	-2.3737	11.5367	-0.8611	-2.3488
-0.3952	-3.4259	0.7008	0.8126	7.9410	-0.4363
-0.4891	-4.5013	0.3659	-1.5690	10.5951	0.5995
-0.3096	1.2348	2.2823	0.9392	1.9686	-1.4892
-2.8691	-1.6568	5.3667	-0.3656	0.2683	3.5130
2.0617	8.5463	-2.2869	2.2627	-0.4614	-5.5137
0.3800	8.2110	-2.7644	4.3856	-0.7095	-5.9615
1.0641	8.3619	-2.3176	3.1575	-0.5128	-5.6415
0.3295	7.1787	-1.9585	3.6912	-1.4758	-4.2164
-0.5155	-2.1275	3.2835	-0.8607	5.9781	-0.1496
1.7276	0.3820	-3.1676	10.6370	-1.4391	-3.5518
-0.3724	-2.7383	10.6660	-1.1193	0.3738	0.0455
0.3904	-1.8380	12.1886	-1.0426	-1.3657	-0.3933
-0.1384	-5.3822	0.7863	-2.5843	11.4947	0.4764
0.3320	-3.5738	13.1953	-1.1295	-0.1931	-0.4339
1.9059	0.9459	5.5268	0.3515	-0.6266	-2.0509
-0.1982	-3.6334	11.7680	-1.5217	0.7515	0.0530
-0.0844	1.6032	9.3476	-0.6894	-1.7335	-1.9770
-1.5551	7.7707	-1.7338	1.1234	1.9864	-2.6741
-1.0888	7.7853	-2.1655	1.0309	1.9781	-2.6456
-1.3059	8.1819	-2.1591	1.1794	1.8512	-2.8861
0.8978	0.2228	-2.2224	0.4969	5.1173	-1.1989
0.1309	-0.5597	-1.1167	-0.9889	5.0406	1.5256
0.3967	-4.4320	0.1505	-1.4081	7.8990	2.6510
2.8745	-3.9562	-1.4853	-1.9174	2.7676	7.1115
2.6548	-5.0665	-0.8155	-2.2582	3.1499	7.9155
3.6882	-3.9951	-1.6921	-0.1422	2.8116	3.5295
4.3839	-4.2473	-1.0082	-1.6582	1.3975	6.5283
0.4612	-4.0222	-1.0133	0.3037	3.7591	4.6282
4.6251	-5.2838	-1.5519	-2.0107	6.6658	2.3485
0.3271	-1.1570	8.2327	-3.0911	4.9941	-1.8159
7.0530	2.9883	0.2597	-0.4718	-1.7378	-2.8710
2.3528	-6.2549	-1.6196	-2.5695	-1.7049	14.6546
2.3612	-6.2915	-1.5972	-2.5882	-1.7357	14.7192
6.6073	4.3081	-4.5453	0.6587	-1.4964	-0.8325
2.6316	8.5089	-4.4790	3.3621	-1.2409	-3.9172
2.2139	7.3771	-4.2618	4.2707	-1.5012	-3.7961
1.1580	6.4507	-3.5949	3.6788	0.1346	-3.5943
0.6937	5.4927	-3.1798	4.2633	0.5709	-3.4998
2.9095	9.3162	-4.5902	2.6403	-0.3465	-4.5431
1.8672	11.2679	-3.0182	0.5217	-0.3650	-4.8601
1.3047	-2.3525	-2.2963	-0.7725	3.4243	5.1401
4.8347	9.8082	-3.8246	0.8280	-0.6867	-4.8388
5.4826	10.0019	-4.5336	0.4242	-0.4734	-4.5235
-0.8793	-3.7029	9.3446	0.6706	2.2044	-0.1575
0.3941	-4.4175	1.0926	-2.1458	8.2117	1.5391
0.2956	-4.8370	0.2259	-1.9388	9.4343	1.7664
-0.1703	-4.6321	0.2733	-1.7647	9.8994	1.3323
3.4827	-6.2071	0.1022	-2.2279	7.5425	4.6195
-0.7518	-4.1735	0.1937	-1.9863	10.8237	-0.1736
-1.5295	-4.3036	11.3894	-0.4163	2.1016	0.1503
0.4614	-3.8139	1.1790	-2.4606	2.6041	7.3095
1.8849	-3.2490	7.4010	-2.0544	-0.7114	1.3610
-0.1252	-4.2415	3.3383	-1.5885	6.9181	1.9309
0.1186	-5.1830	1.7698	-1.6893	10.2377	0.1007
-1.2561	-3.8956	5.0175	-0.4667	5.4033	1.0969
0.6217	1.4923	1.7864	1.6221	0.8288	-1.3454
0.2880	-4.6074	-1.0267	-1.7818	10.4276	1.7763
-1.6609	-3.6719	10.6729	0.2117	2.4611	-0.2348
-0.0691	-4.6475	-0.5126	-1.8487	10.3780	1.8315
-2.0518	-5.1255	18.0694	-0.6664	-0.4563	0.8769
-1.9927	-5.1516	18.3824	-0.5929	-0.7067	0.8868
0.3360	-2.2546	-1.3797	0.0584	8.7671	-1.2010
0.6027	3.9910	-3.1401	5.7429	-0.4055	-3.7051
0.6486	0.2336	-2.0586	8.1162	0.3222	-3.0939
-2.9383	-4.8204	14.2168	-0.1770	1.3239	0.4614
-2.7772	-4.7463	14.3791	-0.2936	1.2471	0.4447
-2.1678	-4.8227	13.5044	-0.5542	1.4116	0.5196
-2.7805	-4.9311	13.8455	-0.1191	1.1555	0.5437
-0.5391	-3.7033	9.0597	-2.2050	2.8043	0.7666
-0.9554	-3.0775	6.4372	-1.0518	4.8489	0.9711
-0.6631	-3.4636	4.9386	-1.3230	5.9549	0.9080
-1.0771	-2.9994	3.4693	-1.2598	7.0004	0.8972
-1.1706	-3.4170	9.2441	1.1950	-0.0555	0.5651
2.4220	-0.0275	6.4132	-1.6087	-1.1504	-0.6980
1.4385	1.7116	-1.5151	-0.3928	0.0795	2.1802
2.5374	-1.4207	2.3456	-0.2108	2.9477	-0.8647
-1.1225	-5.0687	10.8000	-0.9193	2.3025	1.2984
-1.2555	-2.8316	4.8309	1.3014	2.4203	0.1511
1.2213	9.2333	-2.5531	3.2953	-0.7386	-6.2175
1.8173	6.9309	-2.8172	-0.1245	-1.0308	-0.4891
2.2566	6.7519	-3.4996	3.6141	-1.8804	-2.9450
1.3202	-3.1183	-2.2076	-1.2790	4.0839	5.2870
0.8778	-3.4216	-2.0660	-0.7646	5.3353	4.6853
1.1322	-3.3985	-2.0516	-1.1382	4.5584	5.2473
-0.3447	-4.1226	0.4033	-1.7448	9.9435	0.9116
3.0619	-0.6951	-4.0580	11.2298	-1.4163	-2.3295
-1.4807	-2.3616	7.9933	2.8276	0.8664	-2.0105
0.4811	-4.4684	-1.7384	-1.5258	11.1518	0.0641
0.1242	-4.4116	-0.2204	0.1004	9.1983	0.5587
-0.5456	-3.9366	1.2390	-1.9153	3.2402	5.1641
3.2257	-3.2504	9.7997	-1.0101	0.9105	-0.8714
0.1232	-5.1595	-0.7292	-2.2313	11.3610	1.3880
3.3600	1.9663	-4.3881	3.5911	-0.1536	1.6573
0.5673	-1.4969	5.3891	0.4559	2.5388	-2.2107
1.2943	-4.0779	-0.3244	-1.4986	7.1133	2.1924
0.2781	-3.1796	1.7407	-0.6981	6.1870	1.0701
0.6035	-5.2441	1.1148	-1.9682	9.9212	1.3692
0.5320	-4.7892	-0.4761	-1.8069	10.1655	0.9714
5.0535	3.0290	0.5979	0.5085	-0.4467	-2.5077
0.7906	-4.9978	-0.5821	-0.7693	9.9217	0.8817
0.5110	-1.6202	-1.9175	5.9347	1.1942	0.5274
1.4679	0.5296	-2.5594	7.8865	0.3173	-1.0045
2.7245	0.8881	2.4313	-0.3775	1.4057	-1.7479
-1.2187	-3.7760	8.7485	-0.4862	3.3097	0.4759
-1.3021	8.6756	-1.2581	2.4364	0.4046	-5.4816
2.1165	-2.2389	-2.7785	-0.9135	9.5245	-0.6659
1.4397	-1.3247	-2.4577	4.2818	-0.2192	3.9466
-0.3622	-5.0849	0.8068	-2.1132	10.8160	0.7735
-0.1200	-4.7710	0.3505	-1.8055	10.2421	0.9999
1.7505	-4.1072	-1.7440	-0.9528	7.9322	2.3265
-0.0773	8.9117	-2.4876	2.7582	0.5177	-5.6963
0.0361	-3.2795	-1.3892	-0.8808	6.6690	3.4741
-1.3256	-4.5525	1.5553	2.7818	7.0877	-0.8785
-0.9047	-4.3131	0.8446	2.6009	7.1376	-0.7551
-1.3522	8.5336	-1.5709	3.8846	0.0440	-6.0117
2.3646	-4.0400	-1.7293	-0.8928	1.2241	9.6962
1.5059	-2.0479	-1.4276	1.9127	4.5402	-0.1736
1.4076	-1.3334	-1.2604	2.2966	4.2526	-1.3620
0.8818	7.2909	-1.3438	3.6721	-1.0893	-5.3414
0.7121	-4.2494	-0.6477	-0.9630	3.0648	10.4523
5.2309	3.7948	0.6446	-0.0629	-0.5066	-3.8517
5.8687	1.9182	-0.8572	-0.8183	2.1407	-2.2996
-1.0667	-5.6049	13.3775	0.6118	0.5933	0.8370
9.3811	4.2269	-5.6719	-0.4267	-2.4197	-0.0185
8.2070	5.1153	-5.9619	0.8748	-2.2511	-1.1663
1.9694	9.8312	-2.8259	1.6431	-0.2879	-5.6120
-0.1969	-4.8323	0.0675	-1.8739	10.5909	1.1788
-0.2191	-4.8150	0.2096	-1.8453	10.3720	1.2272
-0.4361	-1.4288	6.0709	-0.1499	0.5840	-0.1563
-0.1825	-4.5774	0.3095	-1.4377	9.5508	1.1568
5.8906	9.3592	-4.7014	0.3685	-0.4479	-4.0905
2.1809	8.7839	-4.2073	1.7569	-0.3365	-4.0272
3.0527	0.1371	0.5359	1.9106	0.6307	-1.9687
3.4893	1.4056	-0.0996	1.6140	0.4082	-2.3967
5.7210	4.8781	-3.9151	1.1877	-1.1348	-1.2462
4.3811	5.0168	-3.6927	0.8634	-0.7314	-0.7665
4.9521	4.0497	-4.1336	1.7772	-0.8809	-0.4802
1.7170	-2.4871	-2.2556	-0.4000	2.3849	5.4992
1.7343	-2.1620	-1.3169	-1.9843	7.6508	1.0923
9.1421	7.0678	-3.5077	-0.1610	-2.2138	-3.6879
2.3391	-0.3694	-2.5888	-1.3022	-0.3527	7.0236
4.6217	3.1567	-5.0230	1.9474	-0.6436	-0.0993
1.3139	0.7731	-0.8700	5.9097	-1.5382	-1.4982
2.2872	10.0852	-3.4976	1.0905	-0.0426	-4.5399
1.0308	9.6345	-3.1232	1.5018	-0.0115	-4.2371
0.5676	9.9132	-2.0748	1.9202	0.0218	-5.6261
1.9274	9.1968	-2.4521	1.5477	-0.6560	-4.3249
-0.5098	0.3299	-1.6626	8.9637	-0.0937	-2.7213
1.3092	-1.9058	6.0630	-1.0488	1.6073	0.0003
-0.2917	9.6174	-1.3855	2.1275	-0.3372	-5.4669
-0.7996	6.6451	-0.8814	1.8406	1.0687	-4.5100
3.5949	4.8821	-4.5263	1.3381	0.9994	-0.9519
1.5084	5.7070	-1.8238	1.6416	0.4689	-3.7930
2.4197	7.5409	-3.5644	1.2472	-0.0917	-3.2311
0.3314	-0.7200	-2.5720	12.2080	-1.6521	-2.5046
2.3628	1.1357	-4.9653	10.2262	-1.3067	-3.0424
0.0709	-5.2035	0.9631	-1.7172	10.4409	0.6167
-0.0143	-5.4427	1.9187	-1.7267	9.9378	0.7653
2.6901	2.4691	0.4283	-0.0983	0.2594	-2.0166
0.1431	-5.5048	1.9340	-0.1113	6.3146	2.4143
0.6437	-4.4693	-0.9503	-1.5381	8.6437	2.8086
1.5252	7.9510	-2.5239	-0.0579	-1.0085	-1.7806
3.2166	-4.7270	-1.5953	-0.5643	4.6680	4.6229
2.8572	9.7016	-3.3533	0.4659	-0.1913	-4.3481
0.3549	-4.7437	-1.2574	-0.7563	9.0396	2.6527
-0.0775	-5.9072	4.5576	-1.5515	8.3608	0.7549
4.8629	10.3187	-3.4456	0.6271	-0.5170	-5.2535
0.9858	-4.2119	-1.5108	-1.6006	8.0442	3.7561
0.4621	7.9287	-0.5720	1.3768	-0.8598	-4.5059
4.4902	4.3800	-0.9175	0.9670	-0.7696	-3.5292
4.3613	4.1250	-0.8327	0.6548	-0.5597	-3.1973
8.6462	3.1941	-0.8610	-0.7014	-1.4375	-2.3993
11.6880	3.0957	-3.0397	-1.0196	-1.5661	-2.3408
0.3557	-0.0714	-1.6688	7.2104	1.0274	-2.5939
2.0845	6.1371	2.6822	-0.5015	-0.7591	-3.3908
0.0206	-4.6846	0.4090	-1.6315	9.3867	1.6999
-1.9684	-3.8235	11.5838	0.1159	1.9711	0.1870
-0.2370	-4.7758	0.5943	-1.8052	9.8985	1.3109
1.6995	-3.7164	-0.3685	-0.2552	1.9384	5.5231
1.5135	-4.7611	0.7195	-3.4465	3.1655	8.7568
3.1204	1.5109	3.8613	-0.2733	-0.4346	-1.9549
1.1545	-1.8161	-2.9108	7.9285	1.2079	-0.8995
0.6692	-3.3499	-0.8331	-1.8625	0.5953	12.5499
0.5685	-3.4464	-0.7942	-1.9296	0.7006	12.4043
2.6751	8.1154	-2.1349	0.4384	-0.0227	-4.1525
2.9730	9.7396	-2.3839	0.5732	-0.6104	-4.5247
-0.5504	-4.6257	-0.2222	-2.0283	11.4027	0.4236
-0.1518	-5.2128	0.1539	-2.1524	10.7983	1.2028
0.1128	-4.4039	-1.6920	-1.8304	11.9088	0.4771
0.1352	-4.6199	-2.0329	-2.0071	12.6062	0.4703
0.2290	-0.5174	-1.5080	5.7318	0.6639	0.2465
1.1467	0.5252	-2.6206	4.9821	0.4999	-0.2762
0.7409	-0.4563	-3.0048	7.4409	0.5168	-1.1436
1.7830	-3.5255	-1.6616	-1.2357	1.5389	9.4186
-0.3051	-4.8372	1.0301	-0.0731	7.8506	1.2972
-0.3697	-4.8616	1.2509	0.7389	6.9130	1.3074
0.0966	-3.1514	10.1268	0.1394	-1.1714	0.1217
0.1161	-3.4399	10.6366	-0.2495	-1.4602	0.2447
1.0390	-4.0713	-1.6330	-0.9885	10.1560	0.6848
1.4001	-1.0921	-2.9899	-1.8743	-0.6345	10.3794
0.0033	-4.6243	0.5379	-1.6581	9.7056	0.9578
0.8700	-2.7564	5.6729	0.3265	3.4752	-1.3333
0.8592	-0.1901	-2.8838	9.5990	-0.5113	-1.7269
-0.2644	-4.6783	0.5012	-1.7101	9.8575	1.1750
5.1527	8.3974	-4.5783	0.6424	-0.5851	-3.5998
4.3370	8.1187	-3.6566	0.5498	-0.3426	-3.6412
8.0644	1.7818	-0.5637	-0.5302	0.1210	-0.7483
7.1881	1.3548	0.3668	-0.1523	0.2153	-0.8297
1.1432	-3.3433	-2.7228	-0.1286	7.0053	3.4498
4.3101	8.6196	-3.7608	1.1339	-0.9335	-4.1283
0.7942	6.1731	-2.0707	6.1593	-1.7586	-5.8672
0.3228	2.7518	-2.0474	8.4561	-1.3329	-4.4490
6.2939	4.7668	-3.5863	-1.4371	0.7881	-1.7509
-0.7787	6.6091	-2.8921	3.3127	2.4853	-4.2116
-1.4745	8.4254	-3.1943	3.4403	3.1320	-4.8037
-1.0282	-1.1672	11.8346	1.1059	0.5794	-1.3366
-1.3071	-2.5356	11.2158	2.3870	-1.6540	-1.8015
5.1424	-3.9391	-3.0071	-0.2341	2.2169	5.0692
4.4672	-4.1016	-2.7241	-0.3123	2.6078	5.6896
2.9369	-1.9170	-2.4463	2.0364	-0.7716	5.2642
0.5858	-3.6409	-0.7273	-0.4106	8.7510	0.1068
-0.9830	-3.7541	8.5302	1.6006	2.7819	-0.5062
0.4360	0.7947	-2.7071	11.4783	-1.4105	-4.0887
-0.0734	0.5358	-2.2267	9.7344	-0.9173	-2.7784
2.5700	6.7606	-1.7200	1.1351	-2.2817	-2.6914
-0.8685	-1.6698	9.1257	-0.1243	0.3801	-1.0523
0.0376	-3.4534	10.9680	0.1181	-1.4018	0.0189
-0.3553	-4.9822	3.6384	-0.7392	7.1030	2.0711
-0.1181	-3.8850	4.0284	-1.8741	7.1897	0.4133
-0.8874	-1.6403	7.2513	-1.5899	1.0215	1.6519
-0.1937	-1.7692	7.3177	-0.6963	0.1530	0.7015
0.5291	-0.0839	-1.8165	10.7217	-2.0585	-2.3911
0.2505	0.4173	-0.7696	9.7371	-1.3467	-3.1379
2.3194	-3.4580	-3.3926	3.6631	-0.7741	5.0550
0.2369	-1.8981	4.2133	0.9920	3.1853	-0.9187
-0.5540	-3.2712	1.1608	-1.5748	6.3531	2.8733
2.6591	0.1269	1.3728	-0.4933	2.6843	-1.3770
-1.3885	-4.6349	10.9597	2.0818	-1.4298	1.4991
6.7450	1.7140	-2.9900	4.1145	-0.4640	-2.4605
0.2739	-0.2471	-2.7978	11.6282	-0.7532	-3.9824
0.2231	-3.6079	2.3411	-1.8222	7.8060	0.5303
-1.3375	-1.6413	8.9457	1.8694	0.4506	-1.0220
12.4279	2.0840	-6.7827	0.2487	-1.0935	0.5606
11.6414	2.1679	-6.2634	0.5654	-1.3259	0.8474
1.0413	-4.4931	-2.2236	-0.8651	8.8128	3.0319
-0.0732	-3.9053	0.9038	-0.3595	6.6623	1.9451
0.6304	-1.7918	-2.4375	6.5649	2.8602	-2.3316
0.5556	5.2452	-1.9367	1.2795	2.7751	-3.5099
2.2165	-0.1133	4.7854	-1.3393	-1.1300	-0.4529
1.4940	-2.8817	2.3397	-2.3760	-0.6841	4.7297
1.1492	-3.4536	1.8590	-2.7937	-0.4670	6.1272
2.9835	6.5235	-2.7917	2.6351	-0.9904	-3.9387
-0.0701	-4.9023	-0.3141	-1.9027	10.3438	1.7078
2.9492	7.2945	-2.5762	2.2271	-0.8239	-4.2434
0.4227	-5.5085	-0.9924	-1.5880	11.3736	1.5974
-0.0748	-4.7218	0.3439	-1.5542	10.1721	1.0452
-0.2644	-2.7753	1.1859	-1.6071	8.5355	0.0911
2.8637	-3.8092	-1.9030	-1.2354	0.8227	9.8635
-1.8556	-5.3449	12.5002	-0.7907	1.8073	0.9292
-1.5611	-4.5546	11.1142	-0.6425	2.3192	0.6253
-1.4527	-4.1496	12.5131	-0.8372	1.4150	0.5091
1.4188	-3.9165	3.0801	-2.0108	4.3963	2.1552
-0.6150	-2.1825	9.8117	2.3520	-1.4074	-1.1219
9.7255	-0.3791	-3.8136	0.8365	-1.8917	2.5550
10.1630	0.4317	-4.0124	1.1398	-2.0601	1.3366
-0.5084	-0.7025	12.1197	-0.8156	-0.7304	-1.4219
1.4846	1.5923	7.5586	-0.1119	-1.5308	-2.1620
1.2847	-4.4302	-1.3243	-0.0828	6.0050	3.9620
-0.2524	-5.3532	1.1240	-2.0363	11.0705	0.2221
-0.2796	-4.2497	2.5619	-0.8918	8.7485	-0.6894
2.7542	-3.6923	-1.7227	1.7059	0.2604	6.6441
0.6039	-5.0374	-0.5489	-1.1466	9.6301	1.2721
2.5276	-4.0085	-1.8321	-2.2289	9.1772	0.9935
-0.1206	-4.6273	0.4950	-1.2094	7.1488	3.2636
-2.0523	-1.6514	1.6867	5.6752	1.0990	0.0672
1.7857	-2.1722	-1.4712	2.0836	4.0979	-0.0663
0.3629	4.3902	-1.9931	7.3056	-1.3169	-4.4797
-0.0768	-3.0628	6.8310	-0.5935	3.6512	0.3521
-2.0510	-4.2874	11.4997	-0.2679	2.1865	0.3412
-0.7848	-3.0914	10.2058	-1.6399	0.8229	0.6435
0.5994	0.8818	-1.2523	-0.2574	5.9239	-1.5342
-0.3815	-5.4068	1.6506	-1.1729	10.0100	0.7661
3.8570	-5.1430	-1.6948	-0.8820	4.5079	5.1247
2.2316	4.1311	-2.8978	2.9882	-0.2402	-2.1926
-1.5626	-0.0001	7.6936	0.8243	-0.0139	-1.0548
1.4415	-0.1640	-3.2245	12.5958	-1.6540	-3.8616
2.8618	7.4593	-2.4222	1.6213	-1.8941	-3.4968
1.4931	-0.3995	-1.2925	8.4965	-1.2911	-0.8390
0.6871	-3.5585	-1.2030	-1.0506	7.1401	3.4533
2.6275	-4.6351	-2.0236	-0.9583	7.0331	3.8747
2.8892	-4.8492	-2.1915	-0.4897	7.2574	3.2988
2.1538	-4.7485	-1.0774	-1.4703	8.8109	2.1959
0.6006	-4.4543	-1.9578	-3.3380	0.4369	13.7013
2.2575	3.1947	-1.2077	5.7750	-2.0716	-3.4144
0.9028	-0.1485	-0.5764	3.2542	3.5025	-3.2993
2.0396	7.7025	-3.0534	1.4794	0.5115	-3.5706
6.1139	-1.9211	-2.5749	-1.0382	0.6089	3.4548
4.5823	0.0789	-3.6056	7.4149	-1.6568	-2.1040
3.5737	10.4078	-3.7230	0.8818	-0.2709	-4.9063
0.6474	-3.4131	-0.8282	-1.8857	0.6569	12.5798
0.9940	-3.3778	-0.8184	-1.8680	0.7958	12.0610
-0.3269	-5.1738	-0.3973	-1.7732	11.0830	1.7028
-0.1365	-5.1741	-0.6630	-1.9098	11.6961	1.1276
0.6755	-5.1749	-1.1060	-2.2877	11.0703	1.6329
-0.1124	-5.2043	-0.8072	-1.7751	11.4088	1.7564
-0.0660	-5.3923	-0.7227	-1.8692	11.6594	1.5027
0.3667	-3.4003	11.5918	-1.1195	-0.0143	0.0090
-0.1144	-4.7219	1.5701	-1.8021	7.4007	2.7091
1.3829	-2.2635	8.0659	-0.8403	-1.2124	0.4832
1.7288	-1.8563	8.2192	-1.4268	-0.9675	0.1129
2.5082	-4.1887	-2.9532	-0.7007	9.0953	1.7934
-0.4923	-5.4647	0.2851	-1.6184	9.6590	1.1376
2.4354	2.9903	-3.3872	4.8100	-1.4253	-0.5789
2.3700	-2.2161	-1.1611	-0.7692	2.0358	4.4139
2.7229	-5.0434	-2.3465	-0.0650	7.2599	3.4879
0.8136	-2.3222	5.8578	0.2351	3.0961	-1.8637
-0.0895	-2.4207	1.9093	-1.0761	5.7121	0.4569
0.9757	6.3497	-2.3726	3.3779	-0.5928	-4.3271
0.6304	-4.1442	-1.5232	-1.3818	11.1261	-0.3594
1.3286	-4.9742	-0.7640	-1.1919	9.8255	0.7200
1.3369	-4.9795	-0.7626	-1.1803	9.8322	0.7070
3.1137	-0.5337	1.3052	-0.8257	4.4468	-1.5368
0.2250	-0.3223	-0.9007	8.0325	-1.0356	-1.3915
-0.8753	-0.8684	-0.0187	0.6054	6.0152	-1.2495
3.6968	7.8914	-3.1696	2.5191	-1.2076	-4.3150
-1.1702	-4.9698	10.7995	-0.5942	1.8701	0.8285
-1.5468	-3.5530	15.0027	-1.0989	0.2212	0.1466
1.0966	-2.3815	-0.4150	3.9372	4.6222	-3.0042
2.4461	7.5140	-4.3033	2.5657	-0.4059	-3.8999
-0.4183	8.1668	-1.6831	2.7359	-0.7267	-4.8834
0.7855	0.1155	2.3931	-1.0432	3.1648	-0.4153
-0.7984	-4.4741	2.9655	-1.4873	8.3983	0.8116
2.9312	-5.0004	-0.7734	-2.2120	9.1542	0.4303
1.3304	-2.5969	-2.3377	2.3738	5.0061	1.5569
0.2445	-2.0785	8.6611	-0.1463	-0.7096	-0.1576
1.1026	-3.3822	-1.3677	-1.7669	1.3007	11.5862
3.1038	8.6682	-5.0846	0.2666	2.1998	-3.5837
-1.6492	0.1576	0.7221	5.5256	0.2624	-1.2051
1.8171	-3.7814	-1.2413	-0.0476	4.1635	3.6509
3.8510	1.6168	0.3765	1.1153	0.3735	-1.0134
2.0800	-3.6641	-2.2179	-2.2438	2.8411	9.2075
-0.9176	-2.5128	10.9868	2.1171	-1.7132	-0.9595
1.5544	1.3083	-1.7442	4.9098	0.2822	-1.7550
1.1325	0.4829	-2.1876	6.2356	0.4067	-1.3558
6.6833	2.8513	-2.4334	-0.2164	-1.6466	-1.0655
1.2203	-3.1895	-0.6749	-1.1026	1.2679	6.5267
-0.2544	-4.5731	0.3390	-1.7561	9.5018	1.4277
0.0525	-3.3432	-1.0755	-0.4457	7.3969	1.1287
-0.1835	-4.3017	-0.7717	-0.5711	7.3110	2.0087
0.6113	-2.8045	9.5504	0.1045	-0.4955	0.0263
2.9413	3.6660	3.5154	-0.3625	-1.4453	-2.5878
-0.5736	-3.7851	10.5726	-1.4896	1.7680	0.3647
-1.6424	-4.3080	9.6564	-0.4302	3.1904	0.5559
1.5274	-2.0072	-2.5715	0.2560	-0.6877	7.8107
1.5140	-1.0360	4.1318	-0.9314	2.1583	0.0508
5.9219	7.6856	-5.2897	0.7848	-0.3892	-2.8932
5.7574	7.8683	-4.8902	0.8322	-0.5797	-3.1543
5.9821	6.8379	-5.4190	0.8915	-0.7034	-1.8123
-1.6805	-3.8276	10.8008	-0.2590	2.7990	0.0126
-0.5799	8.7023	-0.7414	2.3936	-0.8982	-5.0802
-0.2158	-4.2015	0.6162	-1.6792	9.6204	0.8918
-0.2383	-3.2885	-0.8629	-2.7165	10.4128	0.6915
-0.3915	-3.4585	-0.5199	-2.5099	10.5819	0.5980
0.9310	6.5600	-1.9367	1.6005	1.5393	-3.4601
2.4585	0.8352	-3.1863	-0.3450	0.5416	4.3048
1.6951	-5.3401	-0.6365	-1.5899	8.0202	2.3537
0.8795	0.7096	-0.2885	-0.1491	2.9865	-0.1338
7.8749	3.5418	-6.0902	2.1747	-2.0558	0.6355
4.1395	9.5942	-2.7374	0.3926	-0.7130	-4.9126
2.0264	-3.1404	-2.7670	1.6872	5.7559	1.3339
-2.0623	-3.9820	12.2665	-0.2374	1.8266	0.2679
1.4667	1.5821	-1.7640	-0.3532	0.6070	2.1050
-0.1844	3.5785	-2.0907	0.3692	0.4615	1.8251
1.4279	8.1896	-2.0742	-0.3635	-0.9589	-2.0159
0.7029	-1.0545	-1.9397	8.2229	-0.5908	-1.7474
1.1046	-1.7978	-2.9096	10.3021	-0.7373	-1.4652
1.2450	-2.6589	-0.7268	3.6275	0.9629	2.3703
5.8187	7.7654	-4.3578	0.2956	0.6239	-3.8676
0.7597	-1.1589	4.3445	0.8746	-0.4189	0.6185
-0.4351	-3.7475	1.8735	-1.1543	7.9103	0.6003
-0.9405	2.0952	9.4370	-0.5119	-2.0622	-1.9314
1.2963	-4.9969	-1.5165	-1.4557	9.6571	1.3488
2.4794	-0.2473	-1.9560	8.9657	-1.7655	-2.0990
2.6500	-0.4584	-2.5956	10.2429	-1.7875	-2.4374
0.6491	-0.5830	-1.9740	12.2904	-1.2672	-3.1885
0.7299	-0.2614	-2.1655	11.7559	-1.4514	-3.1093
0.1393	0.6530	-2.5129	10.3136	-1.2697	-3.5127
0.5278	0.5201	-2.9712	11.8487	-1.5071	-4.1582
0.4600	-1.3342	-0.5312	-0.7566	5.1673	1.4784
0.2841	-1.8734	2.4553	0.9807	3.7868	-0.6426
6.0005	4.0376	-3.1322	0.2887	-1.2403	-0.3567
3.6494	7.1774	-3.4888	1.9661	-1.0605	-3.1256
5.4580	4.5979	-3.1362	0.0100	-1.3503	-0.1299
3.1720	3.1657	2.9527	-0.3136	-0.9200	-2.2962
1.4428	-1.1808	-3.4766	9.6473	-0.0323	-2.2345
-0.0697	-1.2742	-2.0351	10.9550	-0.2336	-2.3958
3.0012	-4.7776	-1.0138	-2.2633	2.6831	7.8415
-0.1328	-5.3203	0.0471	-2.0053	11.4009	0.7823
2.5233	-1.7617	-1.8125	6.7753	-0.0932	0.7813
3.7965	-1.1974	-2.3564	6.8577	-0.5094	0.1913
3.3798	-0.5696	-2.4982	7.2247	-0.2387	-0.0708
5.4427	-0.3116	-4.7204	0.9653	-1.7088	5.8706
-0.1924	5.9042	-2.0034	2.3729	-0.5893	-3.1612
-0.2477	-4.6294	-0.6043	-1.8699	10.8276	1.1496
0.5024	6.9926	-0.9948	1.2684	0.6447	-4.4190
1.4181	8.0929	-2.1844	1.2011	0.1902	-4.6447
1.4906	8.4550	0.0339	0.6563	-0.7549	-4.9977
1.3525	8.6095	-0.1091	0.9731	-0.8624	-5.2289
2.5547	10.4213	-1.5518	0.7831	-0.9731	-5.6522
0.9871	8.0912	0.9672	0.7084	-1.1169	-5.0015
0.8950	8.2431	0.9968	0.7865	-1.2207	-5.1013
1.1039	8.8127	-0.0031	1.0714	-0.9631	-5.2972
2.5449	-1.1222	0.7065	-2.0693	3.7735	0.8888
3.1448	-0.3374	0.5034	-2.1462	2.6704	0.6687
0.9056	1.0105	-2.0010	10.0711	-1.7998	-3.7954
1.5584	5.4716	3.5285	-0.4528	-0.8858	-3.0996
1.4648	6.6624	2.5494	0.1030	-1.2829	-3.5478
2.1095	-3.3630	-1.8298	-1.2645	2.8254	9.1988
0.1991	-3.6810	-0.8214	-1.2648	9.0091	1.0203
2.4199	9.9825	-2.7098	0.9646	-0.1132	-5.1297
1.1726	-3.2930	-0.4171	-1.9892	2.3685	9.5396
8.7174	2.6623	-5.5678	0.8512	-0.6500	-0.5123
9.9928	2.8153	-5.7479	0.4998	-0.7714	-0.3472
0.2520	-0.9319	9.2505	-1.6801	2.1301	-2.1515
4.2042	3.3463	1.9886	-0.5120	-1.6141	-2.9260
2.6660	2.5001	3.5195	-1.9402	-1.0006	-1.5653
2.1788	-3.0259	-1.4925	-1.9687	2.8751	6.2715
-0.1691	-5.6261	0.8906	-2.6199	11.5737	0.6270
0.5318	-5.0398	1.1524	0.3361	6.0760	1.9472
-1.9488	-3.7721	11.6814	0.0061	1.9831	-0.0435
3.3201	-4.6578	-2.0303	-1.6386	8.5223	1.1385
1.1661	0.5263	-1.4636	6.1814	-1.0860	-1.3264
1.5690	-3.7075	11.2006	-0.7291	1.0496	-0.3993
1.5001	-4.1525	-1.0435	0.7179	1.7360	6.9970
-0.6271	6.4048	-0.2068	1.4890	0.3925	-3.8412
0.8409	-3.8116	-1.0800	-0.3080	2.6173	6.6973
9.3464	0.8819	-4.5942	0.1140	-1.0207	1.1879
10.8797	2.0303	-5.7623	0.4569	-1.1825	0.5851
0.4873	6.5341	-1.3397	3.0542	-1.7605	-4.1824
1.5061	7.1672	-2.9703	3.2278	-1.1703	-4.5230
0.7122	2.9812	-0.9556	0.2654	-0.2302	1.2467
0.6676	-3.3988	-0.8606	-1.9106	0.7906	12.3718
0.6982	-3.3094	-0.8727	-2.0392	0.6928	12.1251
0.8585	-3.6168	-0.4162	-1.7017	1.2477	10.4961
0.6636	-3.1005	-1.1625	-1.9947	-0.1769	11.9599
0.6467	-3.6105	-0.8068	-1.8535	0.8207	12.8050
0.6890	-3.5434	-0.8083	-1.8545	0.8388	12.5920
0.6875	-3.5675	-0.7933	-1.8452	0.8709	12.5831
11.6716	1.3197	-6.3286	0.0578	-0.2647	1.0886
-0.3691	2.1260	9.6543	-0.5520	-2.2115	-2.1667
-0.1883	-4.1181	1.3781	-1.6809	9.3163	0.5744
-0.1429	-4.2888	1.2130	-1.7423	9.5438	0.7076
4.8030	0.3541	-4.0737	2.3875	0.1287	1.6922
0.2001	7.0031	0.1947	0.6164	2.0838	-4.0044
3.2391	9.4201	-2.8133	0.5814	0.1703	-4.4228
-1.4732	0.5561	0.1010	5.2366	0.1720	-0.7836
2.3116	7.8895	-3.1034	1.1765	0.1333	-3.3658
4.2208	-1.2905	-4.8666	8.9302	-1.1187	0.5254
6.0035	4.2868	-3.4816	0.8739	-1.0712	-1.2366
-1.7434	-4.7964	11.7206	-0.5801	2.4703	0.2760
2.4181	-5.1869	2.2300	-0.4033	4.5793	2.3752
0.9103	-5.2944	6.3952	-1.1399	3.8730	1.5962
0.6281	-4.7468	1.2921	-2.2656	7.6367	1.4738
3.0649	-4.9187	-2.2667	0.2884	6.5247	3.0929
2.2884	2.8156	-3.6236	0.5640	1.7701	-0.5838
0.8412	-4.6022	-2.4604	-1.7476	12.7341	0.0251
-0.8192	-4.4114	-0.9430	-2.1736	10.7230	1.6160
1.3565	11.6721	-1.7826	0.4191	-0.8936	-5.4433
0.2947	11.4949	-2.8555	0.9785	-0.3110	-4.4858
1.8804	-3.5759	-2.5062	-3.3407	0.7044	11.4748
2.6899	-4.8620	-1.3366	-0.8229	2.6784	7.2802
1.8349	6.1048	-1.8283	1.5921	1.0763	-4.2846
1.5366	2.0614	-1.6473	1.4405	-0.3962	0.1041
3.1023	2.6797	-3.7096	1.2126	-0.6989	1.1717
0.5010	-4.8802	-2.0865	-1.9704	12.8259	0.1532
2.5597	0.0394	-2.8095	-1.0023	6.6557	0.3411
1.3639	-3.9510	-0.9913	-1.6929	1.2403	10.7965
1.0880	-4.0991	0.0567	-2.5805	1.2159	9.1426
3.2797	2.1489	4.2053	-1.6351	-1.2386	-2.1496
0.3655	-1.0448	7.8896	-3.3765	5.8045	-1.9574
-0.3448	-3.3988	0.2848	1.5225	7.9148	-0.7208
0.5607	-1.0107	-2.1170	5.8790	1.0953	0.4230
-0.9946	-4.8493	2.5446	-2.6737	2.8253	7.1915
1.4123	-3.0936	-0.4409	2.0026	1.4052	3.5217
-0.4455	-4.1504	1.0268	0.5337	6.8759	1.7948
0.5598	-3.9933	2.1336	-0.9413	5.6026	1.9463
0.6221	6.6866	-1.4015	2.3635	-1.5832	-3.7255
0.2237	-5.5712	1.4337	-1.5354	10.3304	0.8341
0.6622	6.4750	-2.0589	3.1490	-0.1502	-4.1405
0.9055	6.7730	-2.3106	3.1270	-0.4322	-3.9273
8.3064	4.9636	-4.1349	-0.3413	-1.2496	-1.7637
7.6522	4.8545	-3.8064	0.1215	-1.3212	-2.3305
0.1780	-3.4245	2.2084	-1.9524	7.6612	0.3648
-0.3131	-4.5859	1.3317	-1.7309	8.5138	1.9885
-0.3942	-4.2584	0.0485	0.2845	9.4845	-0.0334
-0.4667	-4.5739	12.5651	0.7607	-0.8034	0.8209
3.7589	9.5705	-3.3726	0.9866	-0.2751	-4.7673
3.5160	10.1441	-3.2938	1.2373	-0.3571	-5.4102
5.6292	4.3889	-5.3146	2.4959	-1.7790	-0.1203
5.3340	5.6546	-4.3981	1.9714	-1.0801	-3.6094
0.7222	5.3878	-3.2455	2.8536	0.1033	-1.8085
0.3595	-1.2466	-1.4763	4.8623	1.1250	0.3876
-0.4590	-5.5265	4.3234	-1.5563	7.6789	1.4326
2.8860	5.8851	-5.2920	3.7104	0.0205	-3.3893
2.5712	-5.6327	2.4612	-0.0329	4.1317	2.6647
-0.7001	-2.8346	1.4565	-0.9488	4.3706	4.2997
0.1705	6.6919	0.8486	2.8747	-2.6324	-3.6603
0.7045	7.7896	-0.3694	2.3646	-2.0207	-3.9049
-0.2357	-4.7594	0.0215	-1.6041	10.2593	1.2264
-0.2902	-4.9637	0.1877	-1.8098	10.6694	1.1825
2.2916	-0.3713	1.9011	-2.1872	2.5692	-0.2979
5.2214	-1.1080	-2.9554	-1.4046	5.6465	0.0187
-1.2912	-3.5781	11.7513	0.6453	-1.1380	-0.0824
0.6739	5.7158	-1.3763	1.4488	1.9947	-3.2403
1.1630	-2.7786	-0.9347	-0.3268	0.3406	7.4133
2.7699	3.7149	-3.8738	7.0346	-1.8495	-3.4518
3.1371	3.3856	-3.5223	7.3581	-1.9455	-3.7162
0.3291	0.4229	-2.6566	11.2111	-0.8352	-4.3083
-0.0865	-4.5183	1.9049	-1.2931	6.9556	2.3967
-1.0870	-1.4357	7.0935	-2.1444	1.3796	2.0628
1.5342	-4.1560	0.2944	-1.9804	4.5144	3.9140
5.5966	3.8929	-4.1945	2.2493	-1.7159	-0.9225
1.6840	8.6982	-1.5332	0.9506	-0.0157	-4.4695
1.1096	6.0574	-2.0078	2.9246	-0.2002	-4.6655
-1.0464	-3.4681	10.9848	-1.2558	-0.5140	1.0990
-0.9617	-3.4496	11.6517	-0.3449	-0.9919	0.2627
3.7985	2.4867	3.9142	-1.4459	-1.4748	-2.5454
3.6210	3.9051	3.0639	-1.0720	-1.6412	-3.1345
7.0967	3.5061	-4.5424	0.8385	-1.1492	-0.5244
0.7982	-1.4584	-0.8927	9.4425	-0.6216	-1.8462
-0.2738	-2.7077	1.1217	-1.5899	8.5852	0.0608
-0.1514	-3.5796	0.4585	-1.5125	9.1140	1.1539
-0.7908	-1.7922	1.2586	3.1878	4.0233	-1.6937
1.3513	8.1438	-3.3186	2.2534	0.1882	-3.8676
0.1285	-4.9018	1.1857	-1.5586	9.5410	0.9090
0.0185	-0.8722	1.3208	0.9087	3.4103	-0.0752
0.2380	-2.7207	0.3836	-0.6261	5.3770	2.6690
0.7046	-2.6719	-1.9204	1.0373	4.8431	3.1483
0.0948	-3.1534	-1.2730	-0.6988	6.0292	4.1372
5.3248	-3.0449	-1.6839	-2.1742	0.4942	5.0639
1.8720	-0.7443	-1.3954	8.0064	-0.3744	-1.2119
-0.7235	-4.0983	-0.2678	-1.1620	11.0358	-0.4401
0.7637	-5.4070	-1.2100	-2.5597	11.5692	1.5751
0.7620	-4.1249	0.4365	-1.5040	4.7812	3.9798
1.9007	5.1576	0.0462	0.7838	-0.6773	-2.8091
1.6007	6.1203	-1.0635	0.9186	0.1269	-3.5670
0.5971	4.6641	0.7471	1.3632	-0.0121	-2.3200
3.4727	7.3724	-5.8208	0.5415	1.1278	-2.1680
-0.2878	-4.8978	0.2537	-1.9054	10.8644	0.8164
3.2062	-5.7759	-0.0734	-2.4939	7.1220	2.4919
0.9438	1.4427	-2.0912	9.4456	-1.3687	-4.0984
0.6488	-4.2183	-0.6100	-0.7209	4.3177	8.6137
1.1503	-3.5470	-0.6134	-0.1055	2.1300	9.5908
5.1130	-2.7610	-2.2379	-1.4561	0.8732	4.8036
1.8661	-4.8531	-1.8131	0.1954	7.2496	2.6796
4.8310	-1.7811	-3.1262	0.6534	0.9030	2.6979
3.2999	0.6227	-4.2487	2.3056	0.9244	0.7944
-0.3039	-1.3173	2.4601	5.1465	0.7652	-0.6637
0.0694	-1.4140	0.9906	7.1026	0.1521	-1.4193
-0.4139	-0.9253	2.0569	5.5094	0.3334	-0.9735
-0.0895	-4.7874	-0.3754	-1.8000	10.4048	1.6073
-0.2284	-4.9184	-0.4775	-1.6623	10.9970	1.2544
-0.1928	-5.1019	-0.1646	-2.2610	11.4034	0.9489
-0.3518	-4.8364	-0.5618	-1.9320	11.2078	1.1568
-0.3963	-4.6675	0.0659	-1.8643	10.7802	0.8876
9.4628	3.5818	-6.5486	0.8921	-1.1586	-0.1120
0.1180	-4.8288	-1.5978	-1.6655	10.0946	1.3586
-0.1982	-4.7868	0.2424	-1.5448	9.9627	1.1862
1.1783	6.4708	-3.3631	1.1200	-0.0036	-1.9528
0.9063	-4.2216	-1.6823	-1.6299	3.4790	8.4371
1.9367	5.4381	-2.9881	2.9809	0.0293	-2.5525
1.2176	6.9110	-3.7862	3.6175	-0.3554	-3.6551
-0.2495	-4.3741	0.6230	-1.4859	9.4474	0.9430
-0.0031	-3.0652	-0.9704	-1.0981	9.0985	-0.0799
-0.1063	-3.6938	-0.5940	-1.1255	9.4362	0.3230
0.1560	-2.7260	-1.6490	-0.8320	8.8181	-0.2848
-1.7715	-5.0871	12.5108	-0.6998	1.7878	0.7892
-0.6676	-3.8087	7.9617	-1.9011	3.9336	0.8247
0.0514	-5.1531	7.6287	-0.6532	2.3626	1.6519
0.7698	-0.3799	3.4798	0.9934	-0.0170	0.0059
0.1263	-0.0166	-3.3472	9.9027	0.4224	-3.1781
0.3704	0.0341	-4.0655	11.0353	0.3541	-3.7008
-0.0204	-3.8710	2.3857	-1.3655	4.7588	4.0597
0.3447	-4.4024	1.6455	-1.9717	7.6168	1.5747
3.3461	9.2960	-2.9416	1.1118	-0.5475	-4.8543
-0.2838	-2.0416	-1.2118	-0.4003	0.8470	6.9156
5.4695	-1.6717	-2.5645	2.8641	0.6764	1.0098
0.6544	-0.9072	4.5495	1.5195	2.0742	-1.0370
0.4510	-1.4077	-1.5896	4.0139	1.0799	1.8869
-0.0253	-5.7581	0.2776	-2.7784	12.3524	0.4056
0.3377	-1.7309	-0.2743	5.6580	1.4978	-0.8926
0.1228	0.6016	-2.3829	9.7717	-1.2036	-3.0168
0.3175	-0.9992	-0.6917	6.3003	0.7423	-1.4333
0.0883	-3.6279	-0.7273	-1.1495	9.8677	-0.3746
-1.6080	-3.4703	10.5669	0.0184	2.5699	-0.1992
4.6051	6.3078	-3.7096	2.1057	-1.5505	-3.5864
0.4610	8.4981	-1.8206	0.1051	2.9191	-4.3685
4.0099	9.3372	-2.8936	0.9965	-0.7701	-5.2986
3.5139	8.8637	-3.8220	0.1054	0.8989	-3.8057
0.8076	-4.6950	-1.1058	-1.0089	3.1284	8.7599
3.8493	8.2998	-3.8506	0.7405	0.5520	-3.7741
8.4614	2.3072	-1.7951	-0.8129	0.3098	-1.1636
3.5811	6.0519	-2.4905	-0.0431	1.2961	-2.9997
3.6737	4.1827	2.0212	-0.0430	-1.5396	-2.8935
1.2798	-0.9830	-2.7130	12.6554	-1.6967	-2.7796
0.4000	-0.4090	-1.1221	8.9879	-1.8369	-1.3496
-0.9233	1.6509	1.4099	4.7687	-0.8050	-1.6482
6.0366	-4.1913	-3.0361	-0.6616	6.0916	0.6575
-1.2947	-3.2314	10.0432	-0.1940	2.3671	-0.0919
1.3563	-1.9421	4.5427	-0.0768	1.6217	0.6525
1.8781	-2.7128	-1.3814	-1.2233	1.8213	8.7227
0.5961	-4.4348	-1.9499	-3.3263	0.4212	13.6772
6.0149	4.3355	-5.5776	3.1385	-2.5025	-0.7902
2.6526	-5.6182	-0.0104	-1.6698	3.3251	7.1333
0.9300	-5.0204	0.1999	1.2355	6.7100	1.0770
-0.1729	-1.2086	-2.0845	10.8920	-0.7304	-1.7399
2.7293	-4.7690	1.1934	-1.6112	7.3009	0.5669
-0.8497	-2.7409	2.8661	-1.1172	4.5235	3.0832
-1.3139	-2.4229	2.9301	-1.2508	3.6048	4.3868
-1.8110	-4.4342	13.3440	-0.7182	1.5173	0.4756
-0.1928	-4.1059	-0.3204	1.2792	8.1364	-0.2208
0.4650	-3.5120	0.2157	-0.7648	-0.7323	10.3911
9.6569	3.7175	-6.4647	0.8020	-1.1454	-0.3437
3.3330	12.1485	-2.5528	1.0209	-0.7570	-6.1956
3.4676	13.1582	-2.3709	1.0814	-1.1324	-6.4616
0.3480	8.1029	-2.3799	1.4130	0.3019	-3.4602
-0.8111	0.1283	-1.2539	8.2341	0.5722	-2.7355
0.5169	5.9950	-0.2815	2.2238	-0.5646	-4.3397
0.7563	5.9316	-0.4462	2.2884	-0.5343	-4.4345
0.8331	5.8075	-0.7821	2.6229	-0.4707	-4.5512
0.3995	5.7811	-0.2720	2.5431	-0.5792	-4.3991
3.8741	-4.2410	-2.3150	-0.6309	4.5289	4.1555
2.2093	10.0482	-4.7923	1.0853	0.6747	-3.4209
1.9594	9.9690	-4.6125	1.2738	0.8402	-3.4046
3.7072	2.0882	-4.9699	1.1440	-1.4055	4.3909
2.1280	3.7554	-1.5260	5.2204	-0.3344	-4.7967
3.2238	14.3624	-1.7856	1.4511	-1.5682	-7.5807
2.9760	13.2377	-1.6063	1.1052	-1.2996	-6.8492
3.8134	-0.5031	1.2502	0.2712	1.7329	-1.5107
2.7627	-0.0332	2.9500	-0.2523	1.2417	-1.0126
1.4058	-2.2996	-1.0367	1.5226	-1.2410	7.1923
4.3194	-1.6098	-4.8866	8.5457	-0.8701	0.4449
3.8093	10.0005	-3.2394	1.1658	-0.4151	-5.3223
0.4788	3.9091	-2.0479	7.7938	-1.6249	-5.0194
4.9923	0.5584	-4.2199	2.3641	-0.8998	1.8900
5.7418	2.1686	-5.4088	3.0034	-0.3718	0.4300
1.1398	-0.8732	-1.8063	3.1592	3.4263	-0.7498
2.9985	-0.7414	-3.5506	13.1316	-1.9174	-3.2419
3.0071	-1.0203	-3.5751	12.2684	-2.0603	-2.6167
1.7484	6.1442	-4.4449	3.6792	0.2317	-3.8927
2.4939	6.7102	-4.9002	3.3328	0.1194	-3.7949
2.6843	-4.4847	-2.7006	-0.3909	5.8014	5.0096
1.1507	9.4090	-1.5408	1.6466	-0.8374	-4.5836
-0.0719	-3.6501	-1.0326	-0.8041	9.8486	0.0262
0.0241	0.6879	1.5046	1.9834	1.4339	-1.2898
-1.7553	-5.0862	11.4458	-0.4178	2.2330	0.8146
-2.1930	-4.8857	11.6341	-0.4456	2.1750	0.9852
0.3777	-2.3074	2.1933	-0.4783	6.1189	-1.4850
2.2934	-2.0249	-3.9424	8.4054	0.4548	0.1050
-0.0383	-4.7641	0.4455	-1.8477	9.2992	1.8253
-0.1157	-4.7172	0.3207	-1.8394	9.6755	1.5701
-0.0220	-4.6865	0.2497	-1.7714	9.3397	1.8567
-0.0338	-5.7641	0.2301	-2.7365	12.2614	0.5341
-0.1926	-5.5045	2.5363	0.1571	6.3394	1.8892
1.9068	-0.1338	-1.7584	5.3519	-0.8884	-0.1495
1.2877	1.0122	-1.1380	4.6662	-0.9003	-0.7117
1.1221	1.4251	-1.1438	4.5574	-0.8598	-0.8851
-0.1828	-3.6705	8.9962	0.7681	2.2067	-1.3574
-0.7606	-4.5432	9.2700	0.4402	2.7425	-0.3312
0.9092	-3.8011	-0.3779	-1.2594	2.7423	5.9910
-0.2804	-3.0318	-1.4435	0.0141	9.2685	-1.1501
2.8866	2.0329	-4.0122	1.4652	-1.9289	3.7308
3.2781	1.5706	-3.9740	3.4545	-1.3205	2.4890
2.4639	0.8099	-3.4815	1.7967	-1.7413	4.8370
3.5385	2.6573	-4.3459	1.9308	-1.4171	2.7456
0.6240	-4.6158	-1.6643	-1.6731	11.3010	1.2040
0.9463	-4.3547	-1.8359	-1.3367	10.1941	1.5653
3.0530	10.0971	-3.0668	0.9566	-0.2573	-5.0926
2.0063	8.6451	-3.8614	1.7983	0.3282	-3.2590
2.0277	8.0773	-3.1912	1.9766	-0.0509	-3.4169
0.9173	-2.9892	7.7075	-1.0174	3.2333	-0.6428
1.0500	9.0880	-2.7903	1.2872	-1.2039	-3.9742
0.8628	3.8031	-2.0086	6.5057	-1.1205	-4.0520
-1.8723	-5.1065	16.6675	-0.8807	0.1605	0.9015
1.7143	-4.9562	-1.2517	-2.1931	2.9991	8.3418
3.6818	-3.8395	-2.5823	-1.5954	7.5214	1.9999
-0.1968	-5.1737	0.6967	-1.9711	10.5912	1.1167
0.3124	-4.7672	1.6096	-1.9602	3.3896	7.0715
1.9806	-2.2941	-1.7807	3.2063	-0.0531	5.4502
0.0231	7.3835	-0.7320	0.3396	0.7426	-3.6016
-1.8197	-6.9024	18.1625	-0.2267	-0.6586	1.9472
-1.3186	-7.0705	16.6364	0.0204	-0.2622	1.9128
1.4563	-4.6055	-2.1431	-1.1887	10.1983	0.9009
1.2388	10.0387	-2.5028	0.4975	-0.1150	-4.7822
1.8441	10.2203	-2.7929	0.5228	-0.1593	-5.0089
3.5395	9.6679	-3.0522	0.8591	-0.5764	-5.2925
3.8378	9.4213	-3.2926	0.5494	-0.2517	-5.0043
5.8976	8.9239	-4.5828	0.9814	-0.5463	-4.6450
-0.7311	-5.0192	7.5166	-0.3479	3.3870	1.7009
0.7593	-1.1984	-1.5560	0.5756	6.4427	-0.7568
5.0007	4.3426	-2.3224	-0.2236	0.1437	-1.2138
2.8949	-1.7621	-1.2441	-0.5649	0.8593	4.7132
1.9308	0.1053	-2.4459	10.6110	-1.5865	-3.6337
1.8087	0.2190	-2.3167	10.3300	-1.6499	-3.5801
-2.0136	-1.4147	1.4711	5.5689	0.6922	0.1478
2.7000	-2.0076	-1.2855	-0.7503	1.5939	4.5888
-1.0284	-4.9255	5.4418	-0.1797	5.8115	0.7776
0.1021	-4.0277	-0.4075	-0.5847	9.0923	0.6304
4.2254	-3.9532	-0.9923	-1.2088	0.7499	7.0351
-1.1010	9.0241	-1.6647	3.2074	0.1931	-5.9381
-0.0426	-2.9572	-1.2683	-0.3923	4.8620	5.2127
-0.8516	-2.0131	1.1763	-0.9400	4.1514	4.1915
-0.4953	-2.0178	-0.2230	-1.0921	6.4027	2.5776
0.8773	-0.0985	-2.6082	8.9805	-0.5741	-1.8981
0.5017	1.4839	4.4495	0.8221	0.3826	-1.8148
1.3973	-2.9941	-2.3544	2.4350	4.0430	3.0333
0.9766	-4.6821	-0.4193	-0.5910	5.9819	4.4940
1.0927	-4.1784	-1.3262	0.1511	5.8697	4.1596
1.1573	-4.3722	-1.0522	-0.4895	6.3578	3.7940
-0.2859	-4.6073	0.8130	-1.6418	9.0897	1.6937
-0.5763	-3.8620	1.3598	-1.3067	8.5803	0.9875
-1.3040	-4.6696	11.2652	-0.5556	2.4579	0.3239
3.5686	7.2544	-3.9224	2.8205	-1.0522	-4.0834
0.1477	-0.3561	4.8740	-1.3694	2.2953	-0.9883
4.5608	4.6824	-4.7245	1.2217	-0.2693	-1.0285
-0.9027	-3.6528	10.4398	-2.2087	1.4325	1.0922
-0.6626	-3.9482	9.9972	-1.9441	2.0838	1.1801
-0.8002	-3.7269	10.3466	-2.1702	1.5411	1.1443
1.0523	-0.4538	-2.3408	10.6411	-1.2221	-2.9283
8.4615	3.1608	-5.1087	0.3906	-0.2923	-0.8741
7.0246	3.2124	-4.4844	0.4699	0.0153	-1.1909
0.1204	-0.9587	-2.0108	7.4105	1.2015	-1.9764
1.2884	0.1372	-1.1077	8.3853	-1.0568	-2.4610
1.8457	-0.0552	-0.3051	8.3040	-0.9763	-2.5020
7.6302	4.0389	-5.0873	0.8364	-1.3964	-0.7365
-0.1993	-4.8959	4.2167	-1.6539	7.8688	0.9036
-2.7046	-2.2523	11.8186	1.0058	0.4435	0.3081
1.3795	0.0278	-3.0576	0.3792	6.8214	-1.5894
-1.7966	-4.1985	11.9366	-0.2608	1.8355	0.1832
-1.0842	-3.9072	11.1625	-0.9165	1.9297	0.5688
-0.2643	-4.9923	6.4801	-1.7571	5.8900	0.7533
3.1895	-5.2902	-2.4485	-0.1008	7.2951	3.4874
2.4973	-4.7254	-2.3919	-0.5492	8.2078	2.7200
2.5094	-4.8130	-2.1408	0.1154	6.9674	3.1185
-0.9731	-0.5408	2.1260	5.5042	0.6482	-2.6950
1.9792	-5.8433	-1.2936	-2.4071	-0.6391	13.0370
-1.2039	0.9113	6.8871	0.8886	0.3181	-1.6368
-1.1914	-0.1207	7.4684	1.3243	0.4089	-1.4282
7.5360	2.8181	-4.4205	-0.4364	1.9990	-1.1321
4.5575	9.3502	-4.2650	1.1330	-0.9003	-4.4726
3.4804	6.3452	-2.8965	0.0161	0.3254	-2.8918
4.1777	9.5119	-4.7981	0.5455	0.5955	-3.9676
-1.0373	0.1285	10.3868	1.3883	-0.2365	-1.7809
-1.8280	0.7338	5.5716	3.5174	-0.6173	-1.7571
0.0159	-3.8208	1.5091	-1.8258	7.0307	0.5860
-0.1398	-4.3438	1.4515	-2.1185	8.6854	0.4692
2.6720	6.8617	-2.8752	2.6048	-0.7734	-4.0986
-0.6778	-1.1633	-1.7191	3.9005	2.3035	1.7838
5.1504	-0.2580	-0.1609	0.6919	1.7886	-1.8127
4.9780	4.5620	-3.8676	0.1033	-0.7216	-0.4882
1.1734	-2.3234	-2.2011	10.4337	-0.7861	-1.1973
-2.7385	-5.1558	13.5876	-0.0765	1.2011	0.5847
-0.6052	3.8357	-1.1474	0.5679	4.7006	-2.5852
4.8574	-1.3523	-5.8596	9.7614	-1.1942	0.0985
6.8787	0.2601	-4.7235	8.4642	-1.4234	-2.1183
4.4412	-1.3980	-5.3954	9.2602	-1.0028	0.0718
4.1469	-2.4752	-2.3031	-0.9064	2.7057	4.5922
1.3146	-1.6628	-2.9047	10.7086	-1.0067	-1.6521
-0.4878	7.4255	-1.2839	2.7067	-0.3886	-4.2198
0.2951	1.5611	-0.8810	4.9359	0.1080	-1.1614
-1.5876	0.6630	0.3443	-0.7491	4.8925	1.6825
1.1016	-3.9771	-1.4101	-1.2713	8.0785	2.7304
-0.0660	-3.6362	-1.2808	-1.0145	1.0835	8.9714
-0.2768	-4.0548	0.9592	-1.6904	9.4181	0.6109
0.7384	-0.8605	-1.8613	0.6445	7.3329	-1.8935
1.5259	-5.0415	-1.2579	-2.1326	4.4785	6.9201
0.6379	-4.4898	-0.8026	-1.4932	7.3570	3.7525
-0.3599	-3.5746	1.6893	-1.9936	8.7553	0.8473
-0.1023	-4.7072	0.3949	-1.8094	9.4801	1.7184
0.3556	-3.8636	-0.2953	-1.5598	8.7906	1.3975
1.2555	3.4345	-2.0964	-0.3481	4.4757	-2.5081
3.0448	9.1506	-3.7584	0.5389	1.1747	-4.8154
2.9788	8.9083	-4.1708	0.4797	1.4492	-4.2531
3.3398	9.6759	-4.4151	0.5473	1.6856	-5.3334
-0.7496	-4.5887	13.4221	1.8363	-1.5059	0.6347
-0.8425	-4.5852	12.6361	0.9861	-0.7427	0.7757
0.1039	5.5170	-3.0486	5.0660	-0.3242	-4.1986
1.0056	4.1729	-2.2979	6.5691	-1.1449	-4.3862
0.0113	-3.7742	11.7006	-1.2617	1.2337	-0.2391
0.2555	-1.5065	4.0128	1.0365	2.9152	-0.8279
0.4945	-0.8114	6.1031	-1.1924	2.0374	-0.4342
1.2775	-0.8345	4.5171	-0.7610	2.2855	-0.8487
0.8001	-1.7205	-2.1738	-1.3709	4.9060	3.9502
-0.0456	-3.4072	0.0477	-0.3122	6.8905	1.6723
2.8349	0.9340	-4.3500	0.9453	-1.2743	5.7644
2.9545	8.1389	-2.8849	0.2565	0.8764	-4.1091
3.7664	8.1014	-3.8867	0.7210	1.6530	-4.1460
3.4305	8.6814	-2.9669	0.1599	0.6767	-4.3986
1.9571	7.7646	-3.2527	2.9836	-1.2219	-4.1139
2.2747	0.6401	-4.1236	10.4687	-1.3628	-3.0815
3.3829	-1.2294	-4.8252	9.3233	-0.7191	-0.7680
4.2085	-2.1545	-4.4319	9.0917	-0.6095	0.6213
3.7677	-1.7490	-4.1834	8.3220	-0.7268	0.3100
0.2985	-4.2281	0.7947	1.5455	5.4221	1.3098
2.3387	-2.5628	-1.2163	-1.2230	2.3139	5.1686
1.8736	-2.7177	-0.8040	-0.9456	2.2691	4.9444
0.5848	-4.0537	0.6321	-0.8754	0.2205	9.0660
1.9971	-4.9519	-1.6776	0.0206	6.4706	3.8350
1.4964	-2.6588	-2.5723	10.5249	-0.7211	-1.0067
-0.0370	2.1885	-2.3580	8.1660	-1.1185	-2.9783
1.4142	-3.0086	-0.4178	-1.8457	0.9874	10.1701
-1.2060	-4.2437	12.2731	1.1761	-1.4420	0.6379
1.6295	-1.0613	-1.9671	8.5644	-0.5186	-1.7231
6.1007	4.2380	-5.7519	1.5837	-2.2029	0.3583
0.1900	8.3533	-2.4105	3.5105	-0.4173	-5.5830
0.8990	0.3496	-1.5000	10.5612	-1.3446	-3.4007
2.5803	0.4296	-3.3511	1.7537	-1.9914	5.1010
2.9268	0.1830	-3.2871	1.5839	-1.8211	4.9494
-0.2095	2.6737	1.0164	5.9661	-0.5795	-3.4880
2.0907	8.6932	-3.8342	1.6461	-0.2575	-4.1891
1.3516	-1.0035	-2.2943	2.9479	3.7167	-0.5241
7.1015	4.6880	-3.6530	1.1908	-0.1476	-2.8926
0.6503	-0.5295	-1.6787	7.6915	-0.6865	-1.9153
0.8421	-5.0004	-0.9297	-1.0124	9.8699	1.4400
0.9165	-4.6905	-1.6800	-1.6450	10.6827	0.7011
1.1119	-5.0193	-1.4725	-2.7844	11.3604	1.1200
-1.0560	-2.3213	6.1038	4.8140	-0.5634	-0.6885
7.6247	4.8113	-5.0038	1.5139	-2.0715	-1.6000
-0.2769	-5.6997	1.2835	-2.1379	11.2647	0.1408
2.5651	5.1779	-4.7048	1.7452	0.0063	-0.3530
0.5262	0.4655	-1.3927	-0.4702	-0.3805	5.1165
3.8601	5.9349	-4.1685	0.5682	-0.5986	-0.4180
3.1771	4.5972	-4.1907	0.7862	-0.3573	0.8022
1.5565	-4.1117	-1.7968	-2.2784	0.5732	11.4749
2.6368	6.9758	-4.6231	2.8843	-0.3804	-3.8026
0.3491	-4.1597	1.1309	-2.3515	3.7154	6.6278
4.9604	8.3645	-4.9979	2.0837	-1.7447	-3.2221
4.3136	8.6843	-5.1538	2.0853	-1.3755	-3.2130
4.0747	10.2195	-4.7785	1.7640	-1.3702	-4.4096
13.8387	2.7627	-3.1078	-1.3422	-2.1925	-1.5637
-0.4926	-4.5670	4.2079	-1.5039	5.7501	2.3073
3.3626	-4.5224	-2.2190	-1.4656	3.9210	7.1450
4.6289	-3.2580	-1.9788	-0.3963	3.2857	2.3334
0.1721	6.6962	-1.1570	0.6442	1.1477	-2.3543
-0.3945	-4.6633	12.2864	-0.9320	2.7798	-0.7303
4.0053	-0.9489	-5.0495	8.2942	-1.0890	0.4198
3.6675	-0.0876	0.7070	-0.4856	2.9432	-1.5655
0.9229	-3.0447	-0.4893	-1.1426	2.3941	6.8664
-0.5575	-4.5008	-0.5070	-1.3510	11.5243	-0.0171
-0.6350	-4.7701	0.7110	-2.1325	10.6656	1.0668
6.0821	3.6792	-4.0684	0.5298	-1.3653	-0.2219
3.8855	9.3639	-3.7167	0.6828	-0.0567	-4.6716
0.8843	-2.9374	-0.2139	-0.0547	1.1862	7.2457
1.5836	-3.1834	-0.5041	2.3988	0.8048	3.2542
0.0335	-2.9897	0.7586	-0.3225	4.6821	2.9056
1.4060	-0.3049	-2.1991	11.0861	-1.2703	-3.4360
1.9632	0.1532	-2.6294	10.0536	-1.0411	-3.5522
3.4690	9.7995	-2.0398	0.4472	-0.8850	-4.8808
4.3240	8.6053	-3.5979	0.8397	-0.4004	-4.1904
3.6585	9.0834	-1.5318	0.0736	-0.4988	-4.5905
4.7592	9.3093	-3.9318	0.8484	-0.0360	-4.8386
4.1928	9.3699	-2.8758	0.5850	-1.0516	-4.5951
0.4287	-4.8952	0.9446	1.0009	6.8863	1.1051
-0.0407	-4.3031	1.4241	0.2519	6.6190	1.6173
-0.8597	-3.2291	11.2098	0.2909	-0.5433	-0.0311
1.9455	-4.5718	-2.4149	0.0167	6.5224	4.3426
0.0763	1.4225	-2.7216	8.3154	-0.9621	-3.3920
10.4373	-2.1051	-2.9430	-0.1996	-2.2795	4.4654
0.2927	-0.7649	-1.1098	11.6127	-0.9434	-3.1821
0.2375	-1.0957	-0.9682	11.6624	-0.8750	-3.0308
3.0961	1.0934	-3.2401	7.2713	-1.6717	-0.6559
0.7787	-4.8219	-0.1266	-1.4358	8.2101	2.9429
1.4746	-2.0199	-2.5352	-0.9458	8.7689	0.8282
1.1198	-2.8094	-1.5240	-1.6883	9.4229	0.9458
0.9829	-1.6245	-2.6188	9.6861	-0.6632	-1.5449
1.8393	1.3689	-4.1416	10.3197	-0.7629	-3.8517
-0.5290	7.8325	-0.9833	2.3012	-0.3822	-4.9874
1.2870	-4.6422	-0.6261	-2.2307	2.3346	8.9626
2.2881	8.3633	-4.1835	2.0041	-0.1234	-3.7712
3.0932	7.8216	-4.6345	2.2989	-0.1134	-3.8035
1.3414	-2.3935	-2.5101	-0.1231	-0.3815	8.3865
3.8388	5.4792	-3.3253	1.6140	-0.7074	-2.9063
2.8780	5.5683	-4.7594	4.9009	-0.6549	-3.7369
-0.4023	1.8468	-1.0579	5.1854	0.4658	-2.3723
-0.6352	-1.2166	0.6913	-0.7988	4.6942	0.9862
0.0022	1.0529	0.0217	0.3845	1.2545	0.3932
-1.7983	-3.6130	14.1859	-0.7059	0.3883	0.2944
-1.8896	-4.3112	15.6784	-1.2029	0.4400	0.6771
0.9989	0.6139	-2.2938	10.8899	-1.4597	-4.1255
3.3328	-1.8572	-3.0604	6.3631	-0.0918	1.0083
12.3857	0.8296	-5.7576	4.5230	-1.8416	-0.4572
4.8437	-1.3250	-5.8546	9.7156	-1.1783	0.0865
3.2991	1.4757	-4.4496	5.2141	-0.7114	1.0994
1.5271	-3.4919	11.1506	-0.6440	0.5093	-0.1589
2.3031	-3.9604	-2.0057	0.1856	0.8491	9.1271
0.9852	5.2429	-0.7344	2.1602	-2.2862	-2.5383
2.2740	-4.1558	-1.8470	-1.3334	3.2095	8.1201
0.8466	6.1741	-1.1608	2.6381	-2.0344	-3.4341
3.0631	-4.2699	-2.1519	-1.0063	2.7198	7.9363
2.7510	6.2978	-4.3347	4.0826	-0.8060	-4.1802
2.7887	6.9224	-4.1524	3.6543	-1.0714	-4.3309
2.6118	6.8053	-4.2554	3.1841	-0.5263	-4.0733
-1.7313	-3.1471	6.3502	-1.2373	3.2556	2.2169
2.5464	-3.2331	-2.2533	2.1021	0.0468	6.7273
7.1393	-1.5187	-3.0899	2.2913	-0.3159	1.7127
2.8294	-4.7333	-2.9807	-0.2840	8.7005	3.2198
8.9728	-1.4449	-3.5451	1.1785	-1.6495	3.2613
0.4015	-4.0592	0.6148	4.0563	1.3864	2.5376
0.8335	-4.0894	-0.8575	1.6871	3.3169	4.1055
2.3145	-0.6892	-3.6284	12.0478	-1.4114	-2.5695
-0.9922	-2.2700	10.9518	1.6262	-1.9028	-0.7520
2.4846	8.7240	-3.0895	0.5493	0.9401	-4.3471
3.6280	3.0470	3.8138	-1.5191	-1.5421	-2.7121
4.0585	2.8598	3.3888	-1.3647	-1.5034	-2.8168
5.3898	2.6845	1.6951	-0.8239	-1.3471	-2.8190
1.2779	4.8443	-0.7950	1.6646	0.0852	-3.2539
0.5309	-3.2763	-0.8087	-1.9989	0.2726	12.0798
4.6033	0.9699	4.6211	-2.1820	-0.6991	-2.5865
1.4410	1.1048	-2.2748	6.1670	-0.8590	-1.6939
-0.1279	-4.9280	11.0293	0.8343	1.0309	0.2668
-0.3034	-4.7325	0.6933	-1.8855	10.1496	1.0156
0.7133	-4.4472	-1.2466	0.1432	5.0761	3.8550
1.4172	0.1376	-3.4008	0.6840	6.8926	-1.7978
-0.2248	-4.5137	1.8584	-1.9952	5.3350	4.2969
-0.4858	-4.2405	7.9470	0.2552	1.8580	1.0016
2.8653	-5.2000	-2.2852	-0.0227	7.1274	3.5389
0.5631	-3.6819	-1.2233	-1.2448	11.3598	-1.1170
1.4073	3.3285	-1.9274	3.3339	-0.9603	-1.2958
1.6537	3.1749	-1.8491	2.1113	-0.8634	-0.3248
0.0129	-3.5231	3.4034	-0.3258	4.7105	1.2144
0.8175	-0.9152	-2.6927	12.8474	-1.5835	-2.9573
4.4470	1.9548	-4.5404	1.5753	-1.6345	2.5159
3.2690	9.0796	-3.1756	1.6151	-0.4670	-4.9603
4.1816	-1.1243	-1.3254	-2.5127	4.8076	3.2833
3.2177	-0.5150	-1.9419	-1.3711	3.7427	3.0317
3.5642	-0.7596	-1.7647	-1.7941	4.1607	3.1615
-0.1549	-3.5725	4.1168	-0.2232	4.7026	0.8331
4.8620	-4.7052	-2.2687	-1.0501	6.3448	1.5400
4.4077	6.5784	-3.9334	2.0093	-1.2068	-3.5043
1.8436	-4.1496	-2.8379	0.0934	7.4385	3.0407
1.8902	-4.0592	-2.7812	0.4678	7.2919	2.9466
1.0718	-4.9603	-1.8848	-1.4553	10.6460	0.8356
4.7587	-2.1185	5.2681	-0.3907	-0.0391	-0.4050
2.8844	-0.6079	-3.0514	12.9449	-1.9714	-3.3291
2.7672	-0.2248	-4.0400	13.5480	-2.3889	-3.7578
1.1025	8.3181	-2.3543	4.0016	-1.1613	-6.1417
0.0760	-0.9758	-0.2586	10.8508	-0.8759	-2.9021
-0.9274	-1.8276	3.0047	8.0254	-0.4297	-1.7001
0.2360	-0.8171	-2.2900	12.0258	-1.6317	-2.5556
2.1212	-0.0633	-3.7235	12.2151	-2.0049	-3.1793
-1.3439	-4.7379	9.3416	-0.7018	4.0672	0.2884
2.1150	-0.0013	-3.9878	12.0224	-1.7725	-3.0773
6.8027	0.6950	-4.1492	0.3042	3.3789	-0.7547
0.0164	0.5548	-1.5273	8.9531	-0.4129	-3.4061
0.2959	-0.5084	-2.6634	11.2123	-0.4541	-3.6780
2.2839	-2.4875	-2.8182	-1.4438	0.9179	9.2984
3.0925	-4.4678	-2.4240	-0.6141	7.4722	2.7169
3.1670	6.6813	-1.2523	-1.0363	0.8881	-3.4715
-0.0603	-0.5056	6.5735	0.7545	-0.4698	-0.1308
-0.0057	-0.3765	6.4812	0.7547	-0.5094	-0.1545
0.3961	-0.0460	6.5813	0.4040	-0.4545	-0.6988
9.0791	0.5287	-3.7008	1.5760	-1.8821	0.9931
-0.0332	-3.4368	-0.0396	-1.0660	3.8880	5.8380
0.9635	-4.4562	-1.8858	-1.3639	11.1461	0.8066
0.0680	-5.0705	1.1187	-0.9652	9.8473	-0.2215
1.0209	10.3280	-3.1099	2.0384	-0.2295	-4.9252
4.2722	4.9509	-4.8655	1.2051	-0.0165	-0.8240
1.2268	-4.0510	-2.3505	-0.1757	7.6172	3.0692
0.6057	-5.4261	0.6900	-1.7385	10.4318	1.0680
3.3387	-2.3396	-3.8280	9.5246	-0.4801	0.8806
-0.6072	-4.6645	11.5994	-0.4528	1.8649	0.3376
1.2767	-3.7407	-1.8908	-1.0354	7.8287	2.6569
1.1150	-1.6680	-4.0761	0.3365	7.3357	2.4802
1.8180	6.6280	-3.6488	1.3027	-0.0348	-2.3709
1.1818	7.1864	-3.0612	1.0591	-0.0126	-2.4340
-0.5348	-4.1980	1.9994	-1.6829	8.3386	1.5216
-0.0968	-1.4060	-1.8062	7.6853	1.0561	-0.7539
0.3183	-4.4096	0.6625	-0.9549	3.2774	6.3599
1.9597	3.8240	-2.8764	0.6482	1.2326	-1.4286
7.5947	-1.7362	-3.2988	0.3159	-1.9906	6.3168
2.6827	-3.2444	-1.8804	-1.6110	-2.0936	13.7412
-0.0538	-4.6419	-0.1370	-2.2219	11.1394	0.6512
0.9340	-4.7427	-0.6891	-1.8845	10.4505	0.2422
3.6225	-0.5417	-4.2255	12.1226	-1.7586	-2.8053
3.6238	-0.5397	-4.2274	12.1211	-1.7577	-2.8092
-0.8380	-2.4017	11.0820	0.3684	-1.2953	-0.3068
0.6159	4.2833	-3.1969	5.4987	-0.6826	-3.4590
1.5119	-2.8502	-1.1203	0.4804	1.7901	5.5710
-1.0376	-4.0863	11.1684	0.4872	0.6612	-0.3094
-1.2511	-4.8768	12.9847	0.9446	0.5069	-0.9175
7.6434	5.7286	-5.6218	0.3823	-0.9468	-1.5361
11.2311	4.1695	-5.4378	0.4236	-2.4183	-1.1464
3.2693	5.6632	-4.4633	0.9673	-0.6897	-0.9731
0.4720	-4.9871	-0.4034	-1.1986	9.6449	1.2657
0.6027	-5.0531	-0.5502	-1.1531	9.6616	1.2781
0.0708	-3.3606	0.2549	-0.4789	6.3626	2.8470
0.4701	-1.9561	-0.1883	5.1620	1.5486	-0.6568
0.0334	-2.4391	1.8097	-1.6029	1.2724	6.1257
0.3034	-3.0633	-0.6841	-1.4187	4.0119	6.2057
1.9400	-4.0965	-0.7564	-1.6651	2.1667	7.4250
-0.0165	-4.8552	-0.8793	-1.4515	11.3753	0.8555
1.3581	-3.8232	-2.5132	-0.7071	5.5262	5.3284
0.7003	-3.6679	-1.3555	-0.4943	5.8546	4.2084
-0.4210	-4.6528	-0.0494	-1.9324	10.8803	0.8768
0.4403	9.1291	-2.8279	1.8033	0.1006	-4.3316
3.8496	1.7273	-4.2744	6.9672	-1.8958	-0.5690
-0.0594	-4.8621	0.4822	-1.8783	9.5873	1.6989
-0.1445	-4.8614	0.6071	-1.8259	9.3937	1.8877
8.1422	2.2631	-3.1336	1.4667	0.0132	-2.0260
-3.2793	-3.6796	14.9309	-0.0702	-0.4026	1.4713
-3.2729	-3.4268	13.7420	0.1699	-0.5458	1.5899
1.9329	-1.2242	-2.8447	11.6776	-1.5699	-2.3251
2.8301	-0.8366	-3.5557	11.6851	-1.6392	-2.5497
2.5565	-0.3465	-3.9920	12.4255	-1.6498	-3.0686
-0.8959	0.8512	10.2697	1.6389	-0.1336	-2.5014
1.6994	1.0107	1.9026	0.5876	1.2290	-1.0044
0.1049	-1.2095	-2.4909	9.3273	0.4040	-1.7621
0.6794	5.6149	-3.1559	4.2702	0.5358	-3.6755
6.0178	3.4059	-6.0523	1.3442	-1.5655	2.3586
0.1541	-1.7828	0.6276	0.4471	5.5377	-0.6815
7.3758	3.1135	0.1080	-0.5815	-1.9413	-2.1838
0.0592	0.1785	-2.2764	10.5307	-1.1508	-2.5854
-0.2405	0.9119	-2.1056	10.4564	-1.7721	-2.4405
-0.4928	1.0758	-1.8318	10.2469	-1.6795	-2.6559
-1.7204	1.4857	8.4179	-0.0796	-1.3900	-1.2440
0.2853	2.5722	7.2933	-0.7143	-1.6009	-1.7946
-0.0445	-4.8599	4.5667	0.4739	5.7481	0.5256
0.9092	-5.0150	4.1571	-0.4967	6.5525	0.3926
-0.7192	-5.4133	13.3537	-1.3227	0.4403	1.5936
2.0031	-3.2284	-0.9412	-0.1694	3.1001	3.2732
1.5719	1.1630	-2.3666	6.0056	-0.9931	-1.0660
-1.0940	-3.0725	9.6909	-0.5160	2.3250	0.1406
-0.1347	-4.7610	0.3147	-1.3185	9.8145	1.1138
2.5552	1.9366	2.9953	0.9839	-0.3699	-2.3007
7.4395	2.9933	-4.5322	1.9934	-1.3529	-0.0230
5.4951	3.8949	-2.6730	0.0935	-0.2177	-0.9662
-0.2581	-4.5249	-0.6736	-1.9308	10.8783	0.9955
-1.0191	-2.5553	0.3158	1.2015	7.7430	-1.6966
2.6571	-4.8353	-2.1944	0.1388	6.7000	3.0078
1.7144	-4.9982	-1.3780	0.0929	6.7430	3.1971
0.8544	-4.5333	-1.1844	-0.3243	7.4106	2.3961
-0.6808	-3.7959	3.4396	-1.8912	6.8279	1.8766
1.6313	8.9974	-2.7077	1.2704	-0.2740	-3.5285
0.6702	-3.3502	-0.1115	-2.0666	1.6837	10.3082
1.8408	-0.6931	-2.4416	7.7057	-0.5110	-2.3728
2.2053	-3.4619	-2.2446	-1.4338	7.9361	1.5122
-0.0927	-0.8329	-2.2418	10.6209	-0.4731	-2.0956
1.0182	-3.5567	-1.5708	1.2417	6.0906	2.1188
6.9958	3.0716	0.2473	-0.4686	-1.7122	-2.9302
0.0502	-2.7516	8.9604	0.8096	-1.0227	0.0292
2.0845	-1.0193	-2.5680	10.0683	-1.0007	-2.1478
0.3946	-5.2217	-0.4858	-2.7016	-0.2793	12.9371
3.3376	-2.0138	-3.6429	9.6710	-0.6218	-0.0750
-0.0293	-4.6751	0.1625	-0.9842	9.3726	1.1342
0.2121	-4.3360	-0.0307	0.3649	8.5845	0.5314
0.7931	-0.7227	-2.0864	7.8997	-0.1637	-1.7051
1.9851	6.1399	-2.0595	2.6755	0.8443	-4.9124
-0.2355	-3.6392	-0.1615	-1.6123	10.2864	0.3436
0.6006	-0.3413	-1.4928	11.4009	-1.1952	-3.1785
2.7211	9.4440	-2.8524	-0.3548	-0.7502	-3.7860
0.3862	-3.9452	-1.2200	-0.6218	5.5576	5.2577
7.1609	-0.3028	-4.5795	1.1819	2.1606	0.9937
8.8724	1.5648	-4.8382	1.4174	-0.9349	1.0265
2.2570	-4.8630	-0.6324	-1.6603	6.1880	3.1619
1.9005	0.7951	2.1969	-0.8143	1.6522	-0.9222
2.1089	-4.4727	-2.4465	0.0056	7.7588	2.0025
-0.9342	-4.6458	12.6809	0.4595	0.9310	-0.8136
0.7030	1.1021	-3.1928	10.8295	-0.7372	-4.5225
-0.6483	-3.0104	11.0360	0.1865	1.6628	-1.3681
8.9231	2.8338	-0.8066	-0.4645	-2.3795	-2.1113
6.4544	-1.6218	-5.7733	7.7350	-1.0452	0.7323
0.5432	7.4439	-1.7695	2.4508	-0.9987	-4.4762
3.4934	-1.4921	-4.0004	7.5546	-0.8206	0.0801
-0.2843	-3.9822	0.8700	-2.1019	4.1174	5.6893
0.9068	-3.5654	-0.9075	-0.2193	2.1853	6.1416
2.5905	-0.9724	-2.8679	8.0495	-0.7638	-2.1438
1.5663	-1.6580	-1.6750	7.6922	0.0482	-0.3157
0.4608	6.6911	-1.7500	3.1657	0.3256	-4.4746
0.4318	-3.7688	0.2048	-1.7478	7.4527	3.8773
2.1282	-3.3628	-1.8633	-1.2271	2.7737	9.2023
1.9256	8.5168	-2.1721	1.6990	-0.5432	-4.6086
-0.2051	-4.7063	0.8078	-0.8526	9.0152	0.7633
0.6810	8.7456	-2.2495	2.0897	-1.1503	-5.0946
2.1528	8.1380	-2.8956	2.5228	-1.5557	-5.1426
3.3820	-0.8409	-4.6543	5.7157	0.0599	1.1347
3.4223	-4.9409	-0.6434	-1.2584	6.2256	1.9537
-2.1719	-2.8593	10.7835	0.1382	2.3762	0.0438
-0.8740	-4.5842	2.1593	-2.5689	3.2760	6.7672
1.9925	9.9345	-2.6966	0.1540	-0.6700	-4.0170
2.2345	9.6398	-2.7098	0.0390	-0.7993	-3.9231
1.9634	10.1563	-2.6110	0.1409	-0.8130	-4.0610
1.2442	9.5492	-2.1922	0.1774	-0.8006	-3.5894
3.4323	14.4563	-2.0051	1.1628	-1.6700	-6.4601
2.4823	0.4608	-4.6339	12.5265	-1.9097	-3.5739
2.5660	0.3429	-4.5022	12.1735	-1.8810	-3.2452
3.4037	0.4228	-5.2516	10.5836	-0.4876	-2.2508
2.8405	0.3423	-4.4898	10.4155	-1.2465	-1.9268
1.4164	7.7734	-0.1138	2.4301	-0.4988	-5.1538
1.0096	6.9060	0.9431	2.8836	-0.8252	-5.1407
-0.5072	10.8699	-2.0673	1.7342	-0.5707	-4.2810
0.5528	-4.5503	-0.9376	-1.9178	10.8942	0.2487
1.4145	-0.5047	3.3003	-0.1585	3.2575	-1.2323
4.3396	-1.5472	-5.0305	8.6167	-1.3635	-0.0098
1.6897	7.3008	-2.6229	-0.2656	-0.9640	-0.8904
0.1496	-0.3551	9.5060	-2.5640	2.2368	-1.3923
7.0498	3.5547	-6.3744	2.7134	-2.3627	0.5181
10.1520	4.0971	-7.6747	1.8123	-2.6615	1.2474
-0.6105	-4.4670	11.5600	-0.8302	1.8320	0.3326
5.7497	4.5538	-3.6231	0.7426	-1.1260	-0.6676
0.9420	9.5055	-2.1188	1.8958	-0.9740	-5.1698
-0.9706	-4.7581	6.6953	0.0936	2.5756	2.1909
2.7878	-1.4374	-2.5262	5.6064	0.2392	0.3145
0.3099	-3.7572	0.4569	-1.8653	8.1314	0.9168
0.7517	-3.1851	-0.0389	-1.4267	6.3614	1.2767
2.7930	-1.8984	-2.7299	10.2312	-0.9722	-0.7437
2.6245	1.2712	3.4145	0.2000	0.0905	-1.5793
3.1079	3.3362	-3.4848	7.3218	-1.9378	-3.6787
1.2368	-4.3539	0.6656	-0.8165	8.0023	0.5062
-0.3876	-0.0811	1.5860	1.3943	3.1404	-0.9942
0.0116	-3.4844	5.6605	1.3053	3.2932	-0.1481
2.0706	8.8509	0.6387	0.5405	-1.3097	-4.8677
4.7305	5.8172	-3.5506	0.6877	-1.2616	-1.1427
13.4677	1.7090	-2.8189	-1.5098	-2.1729	-0.9234
-0.0425	-5.7684	0.9879	-2.6569	11.5465	0.5420
0.3006	11.3668	-3.1542	0.8654	-0.0275	-4.3579
2.5127	2.1149	5.1707	-0.7016	-1.5116	-2.6365
2.2947	9.0212	-1.0633	0.6507	-0.0374	-5.0121
0.8833	-4.5640	1.9819	-1.8841	6.5538	2.0574
0.6165	-4.0162	-2.1550	-3.2018	0.0811	13.8305
0.1286	-0.5902	-0.6708	6.2707	-0.4631	-0.5338
1.0753	1.5835	1.7812	1.1135	0.4464	-2.2193
2.2408	2.7331	-0.1266	1.0412	-0.2902	-1.9399
0.5938	0.9036	2.4830	0.8457	0.9117	-1.8674
0.8278	-2.5398	-0.2834	-1.2931	3.5876	3.1753
0.6008	-0.0595	-0.7773	-0.2261	6.2187	-1.1690
8.3688	0.5838	-4.0472	-1.5264	0.3964	1.0174
8.4130	0.3601	-3.6895	-1.7648	0.6491	1.2268
8.4965	1.1670	-4.6871	-1.0463	-0.3280	0.5176
6.8741	-0.6780	-3.1627	-1.9231	2.4999	1.5220
3.7230	6.2089	-3.8806	1.1263	-0.9009	-1.1935
2.8852	5.7047	-3.5033	3.7907	-1.4585	-2.4583
7.7913	6.8541	-4.2849	0.0336	-1.1235	-3.1105
1.2647	-4.3028	-0.5090	0.1728	-0.0722	9.2708
2.9375	-2.1869	-1.6909	1.3269	-1.4767	6.9639
2.4051	1.1043	-3.6132	1.6310	-2.0233	5.0266
1.2198	3.5124	-3.6650	-0.1020	4.2913	-1.1887
1.2083	-2.9724	-1.3090	-1.6730	1.3733	11.4887
2.4048	0.3095	6.5076	-1.8602	-1.1248	-1.1392
-1.5299	-4.4731	12.1560	-0.6494	2.5031	0.2942
0.1680	-2.6734	-1.4637	-0.2134	9.8412	-1.0925
0.0809	-2.0034	4.2856	-0.2729	3.0949	0.6231
0.4753	-1.3273	2.3743	0.2202	3.5908	-0.1263
0.2706	4.5359	-0.6083	5.4105	-0.7119	-4.0759
1.5673	-0.8428	7.0022	-0.2112	-1.8221	-0.5098
1.6537	-2.7791	-1.3422	-1.3319	1.1477	10.9475
-0.4246	8.4391	-1.2754	0.9903	-0.0574	-4.5961
0.9436	0.1861	3.4703	0.0915	2.9081	-1.6718
3.0697	9.5090	-2.7735	1.3643	-1.3392	-4.8171
0.1832	0.0982	-2.6571	9.9463	-0.3686	-2.9400
0.2372	-4.3055	0.4335	-1.2508	6.8213	4.3401
-0.0739	-4.4633	1.0783	-1.4941	8.5884	1.9598
2.0971	-0.3040	-2.9547	-1.0090	-0.2623	7.2040
2.8263	3.2998	3.8067	-0.5573	-1.0969	-2.1796
1.8455	9.5596	-2.7110	1.4054	-0.4023	-4.5722
2.6533	9.7705	-2.4815	0.9885	-0.4134	-4.8649
2.1278	11.6398	-1.1769	1.1960	-1.7410	-6.2660
2.1123	10.8629	-1.0092	1.0298	-1.5510	-5.8373
4.7133	9.9544	-2.8145	0.1768	-0.6298	-4.8866
5.1960	10.4362	-3.2509	-0.0046	-0.4838	-4.9790
1.8288	5.5685	3.3231	-0.5549	-0.8585	-3.1295
2.5143	9.0470	-2.1102	1.3299	-0.2822	-4.9403
2.2237	-4.0771	0.6896	-0.1098	2.3486	3.8336
4.7390	-2.7124	-4.5320	7.2709	0.4681	0.8748
2.1413	-4.6806	-1.8984	0.7867	5.2394	3.8980
4.6267	-3.7909	-3.9385	5.0161	2.3728	1.9699
4.6232	-1.9696	-3.7876	7.4831	0.0234	-0.6844
-0.1316	-5.5927	0.1135	-2.6745	12.2840	0.4426
1.4472	10.0354	-1.9555	0.8564	-0.0345	-5.3912
-0.2223	9.0475	1.0839	0.5317	-0.2729	-3.2863
1.0871	9.6493	-0.9015	0.7088	-0.3184	-3.9590
5.1394	-5.3587	-2.8696	-0.9426	7.0312	1.6527
-1.5075	-2.2160	0.8078	-2.0932	8.2810	2.5722
-1.0123	-4.6251	12.7093	-0.1320	1.8463	-0.4960
4.0211	-2.6362	-4.0224	9.2185	-0.4734	0.7155
1.2524	-1.1458	-1.9104	-1.6003	3.2704	4.3675
2.1021	-3.8318	-2.1879	1.1154	0.2512	9.0005
1.0372	-4.4714	-1.5663	-0.1048	5.7821	4.8138
1.8694	9.0902	-2.5890	1.2877	-0.1901	-3.8211
2.1172	9.7988	-2.1820	1.1959	-0.3002	-5.2842
2.6118	8.9129	-3.4436	1.5188	-0.1449	-3.8245
1.7997	2.0476	-5.2525	7.6307	2.2606	-3.5846
0.0175	-5.9905	0.1976	-2.8258	12.7517	0.2738
-0.0362	-5.8079	0.2309	-2.7724	12.4590	0.3986
-0.0708	-5.6464	0.2978	-2.5576	12.0882	0.4549
-1.4019	-4.9780	14.2111	-1.0773	0.9944	0.8191
-1.0991	-5.0783	7.3612	-0.4192	4.1764	1.6606
1.4175	8.9424	-2.6332	2.8989	-0.8424	-5.5114
2.2304	9.5654	-2.9573	1.3124	0.3446	-5.3337
-0.0352	-4.5969	0.4220	-1.3703	9.1978	1.3820
-0.1701	-4.4456	-0.8337	-1.9464	11.1300	0.8920
3.6518	-5.4012	-1.0119	-2.2250	6.4047	5.5448
1.8061	-4.2087	-0.6715	-0.6925	7.3453	2.0957
-2.2414	-5.0295	18.3117	-0.5289	-0.3738	0.9231
-2.1211	-6.9793	19.3915	-0.1863	-1.2478	2.0761
3.9652	-4.9223	-0.3837	-1.4843	6.8410	1.0170
-1.9918	-5.1487	18.4061	-0.5880	-0.7129	0.8855
-1.8560	-5.1824	12.5039	-0.7419	1.8146	0.8318
-2.5850	-4.8524	18.4122	-0.4278	-0.3383	1.0194
1.7591	-3.2184	-0.0255	1.3414	-1.0021	7.8752
0.1668	-5.6574	1.1503	-1.8075	11.2655	0.3964
0.4326	-3.3195	0.4406	0.1925	-1.4871	9.4293
-0.2081	-3.3669	1.0424	-0.3087	-1.6806	10.0181
3.1660	-4.7204	-1.0963	-1.8633	4.5675	6.3810
3.0528	-4.8203	-0.9162	-1.9060	4.5487	6.3399
-0.4842	-3.6923	0.6885	-1.8481	9.6876	0.9546
3.4238	-2.0089	-3.6330	10.0033	-0.8580	-0.3586
2.9368	10.4517	-2.6448	1.2513	-0.3865	-5.6205
5.3364	4.3684	-3.6250	0.6117	-0.4641	-1.0055
